"gene_name","ensembl_ID","feature_id","twostep_gene_padj","twostep_feature_padj","lr","df","pvalue","adj_pvalue","pA_usage_control","pA_usage_treatment","change_in_usage","chr","start","end","strand","mean_usage","sig_PAS_count","UTR_type","pA_type"
"ABCC1","ENSG00000103222","PAS40309_APA_0.2",0.386132802969496,NA,1.28648374905856,1,0.256696963509342,0.423156522187366,0.9241194596261,0.851591627647421,-0.0725278319786786,"chr16",16143051,16143052,"+",0.88785554363676,0,"TUTR","distal pA"
"ABHD10","ENSG00000144827","PAS9981_AATAAA_0.2",0.128879932893144,NA,3.46080157565757,1,0.0628398447624711,0.153397777519887,0.842732688183632,0.913063129117541,0.0703304409339095,"chr3",111993366,111993367,"+",0.877897908650586,0,"TUTR","distal pA"
"ABHD17C","ENSG00000136379","PAS38908_AATAAA_0.15",0.568344283693532,NA,0.620924024522765,1,0.43070411984661,0.600273397404299,0.879782164248781,0.832896263416857,-0.0468859008319244,"chr15",80755618,80755619,"+",0.856339213832819,0,"TUTR","distal pA"
"ACADSB","ENSG00000196177","PAS27951_AATAAA_0.15",0.98285711544358,NA,0.00151955253636515,1,0.968905187410138,0.983568390964048,0.752605071885462,0.753758198141826,0.00115312625636443,"chr10",123055135,123055136,"+",0.753181635013644,0,"TUTR","distal pA"
"ACTR3","ENSG00000115091","PAS6208_AATAAA_0.2",0.0313907110416216,0.98485051933664,1.72700506076217,1,0.18879383130379,0.340839503228928,0.629107981220657,0.66451598086058,0.0354079996399228,"chr2",113958254,113958255,"+",0.646811981040619,0,"TUTR","distal pA"
"ACTR6","ENSG00000075089","PAS33123_AATAAA_0.25",0.267158193496747,NA,2.00273158519667,1,0.157016021810801,0.300259628023998,0.801608771446136,0.871037056746872,0.0694282853007355,"chr12",100224422,100224423,"+",0.836322914096504,0,"TUTR","distal pA"
"ADD3","ENSG00000148700","PAS27811_AATAAA_0.25",0.105523574961056,NA,3.89286837032341,1,0.0484915385146446,0.125977318964079,0.310187735626207,0.264808297040524,-0.0453794385856829,"chr10",110135563,110135564,"+",0.287498016333366,0,"TUTR","distal pA"
"ADGRG6","ENSG00000112414","PAS18361_AATAAA_0.3",0.654268264255435,NA,0.391898885279602,1,0.531302952179059,0.686578482294548,0.875029919928474,0.838063323894443,-0.0369665960340304,"chr6",142446254,142446255,"+",0.856546621911459,0,"TUTR","distal pA"
"ADM2","ENSG00000128165","PAS51218_AATAAA_0.4",0.613831727045072,NA,0.493872587802116,1,0.482204898634072,0.645967917019269,0.858167493497713,0.900159521579127,0.0419920280814139,"chr22",50486434,50486435,"+",0.87916350753842,0,"TUTR","distal pA"
"AFAP1L1","ENSG00000157510","PAS15640_ATTAAA_0.35",0.568344283693532,NA,0.620605108015866,1,0.430822512920796,0.600309814823677,0.309343083614294,0.23982375388016,-0.0695193297341341,"chr5",149341801,149341802,"+",0.274583418747227,0,"TUTR","distal pA"
"AGAP1","ENSG00000157985","PAS7155_AATAAA_0.15",0.639484618874078,NA,0.902862532616155,1,0.342015318826893,0.514406535355334,0.288929873640145,0.235130534526517,-0.0537993391136276,"chr2",236131791,236131792,"+",0.262030204083331,0,"TUTR","distal pA"
"AGL","ENSG00000162688","PAS1196_AATAAA_0.15",0.706008202837822,NA,0.348796078670489,1,0.554795433143255,0.706483312603306,0.539236344165016,0.494754935457816,-0.0444814087072002,"chr1",99924019,99924020,"+",0.516995639811416,0,"TUTR","distal pA"
"AGO3","ENSG00000126070","PAS629_AATAAA_0.25",0.812335683685071,NA,0.355760526740823,1,0.550870210179026,0.702929402339642,0.52516499995389,0.476714639473046,-0.0484503604808436,"chr1",36072032,36072033,"+",0.500939819713468,0,"TUTR","distal pA"
"AHCYL1","ENSG00000168710","PAS1309_ATTAAA_0.15",0.954372928277942,NA,0.00941062114725355,1,0.922719758566596,0.959743603087452,0.482403574720022,0.484249095798234,0.00184552107821218,"chr1",110023740,110023741,"+",0.483326335259128,0,"TUTR","distal pA"
"AHR","ENSG00000106546","PAS20113_AATAAA_0.3",0.558538304708068,NA,0.0326567482522933,1,0.856593810137834,0.919328268150403,0.189718814624154,0.200022214947172,0.0103034003230185,"chr7",17345767,17345768,"+",0.194870514785663,0,"TUTR","distal pA"
"AKAP12","ENSG00000131016","PAS18440_AATAAA_0.25",0.591911949018797,NA,1.13495123756184,1,0.286721689762923,0.455179864448569,0.427274181807772,0.398562936435426,-0.0287112453723468,"chr6",151358532,151358533,"+",0.412918559121599,0,"TUTR","distal pA"
"AKIP1","ENSG00000166452","PAS29451_AATAAA_0.35",0.924964388457667,NA,0.022055970110614,1,0.881938301968221,0.934590311998629,0.711148041495584,0.720914039234714,0.00976599773912945,"chr11",8920076,8920077,"+",0.716031040365149,0,"TUTR","distal pA"
"AKIRIN1","ENSG00000174574","PAS666_AATAAA_0.1",0.446254658328046,NA,1.02012245549395,1,0.312489964123278,0.482033179603712,0.710843348359964,0.660318211377797,-0.0505251369821669,"chr1",39005884,39005885,"+",0.685580779868881,0,"TUTR","distal pA"
"ALG1","ENSG00000033011","PAS40210_APA_0.25",0.966485956478238,NA,0.112455697557948,1,0.737365494492679,0.842458202386189,0.449743019966923,0.480623930357008,0.0308809103900852,"chr16",5085391,5085392,"+",0.465183475161965,0,"TUTR","distal pA"
"AMDHD2","ENSG00000162066","PAS40123_APA_0.25",0.912300999322909,NA,0.0291055511382865,1,0.864535552758181,0.924192980205834,0.710624292086144,0.725009104088163,0.0143848120020191,"chr16",2531414,2531415,"+",0.717816698087153,0,"TUTR","distal pA"
"AMOTL1","ENSG00000166025","PAS30416_AATAAA_0.25",0.968830389281771,NA,0.103093313812565,1,0.748148648214507,0.849730963625737,0.577739462429457,0.554684547497504,-0.0230549149319532,"chr11",94876663,94876664,"+",0.566212004963481,0,"TUTR","distal pA"
"ANKRD33B","ENSG00000164236","PAS14609_AATAAA_0.3",0.0989401680420971,NA,1.39217705055216,1,0.238037791748535,0.401345657427272,0.415102172613239,0.3498094728332,-0.0652926997800389,"chr5",10657814,10657815,"+",0.382455822723219,0,"TUTR","distal pA"
"ANKS1A","ENSG00000064999","PAS17697_AATAAA_0.2",0.440934674825773,NA,1.04049283902873,1,0.307706878296389,0.476745994436351,0.87964554551207,0.826237619192443,-0.0534079263196267,"chr6",35091404,35091405,"+",0.852941582352256,0,"TUTR","distal pA"
"APBA2","ENSG00000034053","PAS38226_AATAAA_0.25",0.301803617503997,NA,1.75328894384825,1,0.18546379999307,0.336790459016162,0.284773938422676,0.2120481966373,-0.0727257417853762,"chr15",29118310,29118311,"+",0.248411067529988,0,"TUTR","distal pA"
"APOBEC3C","ENSG00000244509","PAS51015_AATAAA_0.2",0.0948399482728529,NA,4.11936138517285,1,0.0423950790881777,0.113585992212159,0.312219075999828,0.247248709151885,-0.0649703668479433,"chr22",39020350,39020351,"+",0.279733892575856,0,"TUTR","distal pA"
"ARHGEF28","ENSG00000214944","PAS14969_AATAAA_0.25",0.129434802021411,NA,2.04212246183306,1,0.152996041335548,0.295391318382714,0.359801235376926,0.312796027166391,-0.047005208210535,"chr5",73941988,73941989,"+",0.336298631271658,0,"TUTR","distal pA"
"ARID1A","ENSG00000117713","PAS444_AATAAA_0.25",0.725923416282425,NA,0.604498730230262,1,0.436866686455329,0.606274961433341,0.229023105482214,0.210059348708862,-0.0189637567733519,"chr1",26782101,26782102,"+",0.219541227095538,0,"TUTR","distal pA"
"ARID2","ENSG00000189079","PAS32496_AATAAA_0.1",0.646366644445836,NA,0.016173866146687,1,0.898800692191011,0.9459797320836,0.384475879422378,0.37558733546522,-0.00888854395715755,"chr12",45906539,45906540,"+",0.380031607443799,0,"TUTR","distal pA"
"ARIH2","ENSG00000177479","PAS9591_AATAAA_0.35",0.00165934571409115,0.0101457344464471,8.33453976184683,1,0.00388983310650183,0.0170777321912646,0.338995642251668,0.264697718281258,-0.0742979239704104,"chr3",48985535,48985536,"+",0.301846680266463,0,"TUTR","distal pA"
"ARL10","ENSG00000175414","PAS15838_AATAAA_0.2",0.919693823384694,NA,0.207214022350797,1,0.648959843409464,0.778967591477442,0.455869652372229,0.415340022420142,-0.0405296299520865,"chr5",176380376,176380377,"+",0.435604837396185,0,"TUTR","distal pA"
"ARL6IP6","ENSG00000177917","PAS6409_APA_0.25",0.590449322324656,NA,0.556720844589734,1,0.455584489628473,0.622547617718715,0.179818783454693,0.130869453397518,-0.048949330057175,"chr2",152761168,152761169,"+",0.155344118426106,0,"TUTR","distal pA"
"ARMCX3","ENSG00000102401","PAS52204_AATAAA_0.3",0.779359658644436,NA,0.163007331101312,1,0.686402698376601,0.806369803554636,0.493923102337412,0.53096823545035,0.0370451331129386,"chrX",101627841,101627842,"+",0.512445668893881,0,"TUTR","distal pA"
"ARPC5L","ENSG00000136950","PAS25477_AATAAA_0.1",0.118227894714622,NA,0.387350039445664,1,0.533695632750479,0.688378388015798,0.766817369246876,0.787627246342529,0.0208098770956529,"chr9",124877413,124877414,"+",0.777222307794702,0,"TUTR","distal pA"
"ASB7","ENSG00000183475","PAS39095_ATTAAA_0.35",0.968830389281771,NA,0.0156044531613588,1,0.900588637783188,0.94755497602463,0.548386915120168,0.556603640848545,0.00821672572837706,"chr15",100651696,100651697,"+",0.552495277984357,0,"TUTR","distal pA"
"ATF5","ENSG00000169136","PAS47147_AATAAA_0.05",3.5465942926956e-05,0.000181567513124622,17.9063892058039,1,2.32040807344636e-05,0.000204993009231211,0.614015841814186,0.565688019388993,-0.0483278224251932,"chr19",49933933,49933934,"+",0.58985193060159,0,"TUTR","distal pA"
"ATF7IP","ENSG00000171681","PAS32241_AATAAA_0.3",0.679564138178817,NA,1.06238219165789,1,0.302672490490259,0.471584904064863,0.682547086932529,0.722247779076058,0.0397006921435291,"chr12",14502927,14502928,"+",0.702397433004294,0,"TUTR","distal pA"
"ATG7","ENSG00000197548","PAS9191_AATAAA_0.45",0.265800156517488,NA,2.01310738894108,1,0.155945622489708,0.298817953685104,0.109825496959506,0.0586243857952654,-0.0512011111642411,"chr3",11557662,11557663,"+",0.084224941377386,0,"TUTR","distal pA"
"ATM","ENSG00000149311","PAS30484_AATAAA_0.4",0.710002380801779,NA,0.250969507157379,1,0.616393243527652,0.753298767658277,0.795660166938145,0.820701242354575,0.0250410754164293,"chr11",108369098,108369099,"+",0.80818070464636,0,"TUTR","distal pA"
"ATMIN","ENSG00000166454","PAS40931_ATTAAA_0.15",0.316574802030133,NA,1.66165147140237,1,0.197380492963719,0.35199566327763,0.140872401688914,0.0855379855010234,-0.0553344161878908,"chr16",81047235,81047236,"+",0.113205193594969,0,"TUTR","distal pA"
"ATP1B1","ENSG00000143153","PAS1821_AATAAA_0.15",0.101659507646791,NA,6.10984608798026,1,0.0134430834845395,0.0465747724665369,0.367090334078388,0.300361650518173,-0.066728683560215,"chr1",169132717,169132718,"+",0.33372599229828,0,"TUTR","distal pA"
"ATP6AP2","ENSG00000182220","PAS51886_AATAAA_0.25",0.3579582214405,NA,1.42585942301685,1,0.232441373246765,0.394362397661037,0.817105316314446,0.76464842205957,-0.052456894254876,"chrX",40606633,40606634,"+",0.790876869187008,0,"TUTR","distal pA"
"ATP6V1C1","ENSG00000155097","PAS23260_AATAAA_0.3",0.120478659727233,NA,0.0979678719768344,1,0.754282031174982,0.853519310580874,0.311020723719453,0.300728234172287,-0.0102924895471659,"chr8",103073048,103073049,"+",0.30587447894587,0,"TUTR","distal pA"
"ATP8B2","ENSG00000143515","PAS1605_APA_0.25",0.529343159369459,NA,0.733806578879921,1,0.39165210393898,0.563693124035886,0.879044513897742,0.841782773676223,-0.0372617402215182,"chr1",154351302,154351303,"+",0.860413643786982,0,"TUTR","distal pA"
"BACE2","ENSG00000182240","PAS50268_AATAAA_0.45",0.763217427686187,NA,0.186571695439852,1,0.665785415641142,0.790642965298246,0.221964267557516,0.198640503653368,-0.0233237639041481,"chr21",41276582,41276583,"+",0.210302385605442,0,"TUTR","distal pA"
"BAG2","ENSG00000112208","PAS17948_ATTAAA_0.35",0.278179056671043,NA,0.824098740407862,1,0.3639845094831,0.53666991563826,0.122751653857273,0.0870207740967522,-0.0357308797605205,"chr6",57185211,57185212,"+",0.104886213977012,0,"TUTR","distal pA"
"BAG3","ENSG00000151929","PAS27916_AATAAA_0.2",0.493541799090495,NA,0.84940262228838,1,0.356721387953393,0.528715634274123,0.886791269342954,0.857880762506248,-0.0289105068367066,"chr10",119677814,119677815,"+",0.872336015924601,0,"TUTR","distal pA"
"BBX","ENSG00000114439","PAS9948_AATAAA_0.4",0.0119449759595661,0.00602454536161222,12.2632864646257,1,0.000461957212125292,0.00284633011429282,0.127118662121605,0.0666157660555593,-0.0605028960660462,"chr3",107811322,107811323,"+",0.0968672140885824,0,"TUTR","distal pA"
"BCAS4","ENSG00000124243","PAS49227_AATAAA_0.1",0.740064801621934,NA,0.22237855919343,1,0.63723352147993,0.769754396338536,0.899394826541446,0.920500645183741,0.0211058186422948,"chr20",50877175,50877176,"+",0.909947735862594,0,"TUTR","distal pA"
"BCL2L2-PABPN1","ENSG00000258643","PAS36403_AATAAA_0.25",0.570449843401149,NA,0.614579248918744,1,0.433068833289962,0.602303252104511,0.25836986171391,0.244765445045857,-0.0136044166680533,"chr14",23326157,23326158,"+",0.251567653379884,0,"TUTR","distal pA"
"BFAR","ENSG00000103429","PAS40285_AATAAA_0.45",0.0185643029799658,0.633335554842125,3.04593649026083,1,0.0809394207898641,0.186154945694327,0.169591627693223,0.114308905894181,-0.0552827217990419,"chr16",14669225,14669226,"+",0.141950266793702,0,"TUTR","distal pA"
"BIRC6","ENSG00000115760","PAS5450_AATAAA_0.2",0.33670818549281,NA,1.54742886506256,1,0.213515411743459,0.372699671766282,0.317329323003268,0.250384857408038,-0.0669444655952303,"chr2",32618875,32618876,"+",0.283857090205653,0,"TUTR","distal pA"
"BLTP1","ENSG00000138688","PAS13189_AATAAA_0.2",0.812335683685071,NA,0.121483848430216,1,0.727430675502448,0.835753688620984,0.720929970391787,0.742857142802639,0.0219271724108523,"chr4",122362749,122362750,"+",0.731893556597213,0,"TUTR","distal pA"
"BMI1","ENSG00000168283","PAS27042_APA_0.3",0.8661098249364,NA,0.0663452853250419,1,0.796734319559767,0.882149553342231,0.255824877103227,0.26659077410446,0.0107658970012328,"chr10",22331481,22331482,"+",0.261207825603843,0,"TUTR","distal pA"
"BMP2","ENSG00000125845","PAS48786_AATAAA_0.3",0.696551515715955,NA,0.301049307027711,1,0.58322534614055,0.727731463163004,0.216606159671737,0.175010009930059,-0.041596149741678,"chr20",6780244,6780245,"+",0.195808084800898,0,"TUTR","distal pA"
"BMPR1A","ENSG00000107779","PAS27501_APA_0.2",0.828027679960146,NA,0.104198320456646,1,0.746848495650594,0.849272368305651,0.567727835996941,0.597620735114705,0.0298928991177638,"chr10",86927965,86927966,"+",0.582674285555823,0,"TUTR","distal pA"
"BRK1","ENSG00000254999","PAS9174_AATAAA_0.25",0.126964492732784,NA,4.12797500698798,1,0.0421797952659607,0.113148974602339,0.0900342697259703,0.0612080054141374,-0.0288262643118329,"chr3",10127188,10127189,"+",0.0756211375700538,0,"TUTR","distal pA"
"BROX","ENSG00000162819","PAS2292_AATAAA_0.25",0.278179056671043,NA,1.92279950266811,1,0.165548373114818,0.312486361958677,0.929565922762101,0.88270747798924,-0.0468584447728605,"chr1",222735184,222735185,"+",0.90613670037567,0,"TUTR","distal pA"
"BSG","ENSG00000172270","PAS45990_AATAAA_0.1",0.00487452030028904,0.261307536172052,2.70260804786267,1,0.100184241027166,0.218814623780884,0.862597154299223,0.825311010392152,-0.0372861439070709,"chr19",583485,583486,"+",0.843954082345687,0,"TUTR","distal pA"
"BTAF1","ENSG00000095564","PAS27572_ATTAAA_0.2",0.20325287979515,NA,0.357139743056905,1,0.550099056105445,0.702411619796011,0.136702724612235,0.117599991549121,-0.0191027330631139,"chr10",92030996,92030997,"+",0.127151358080678,0,"TUTR","distal pA"
"BTBD3","ENSG00000132640","PAS48815_AATAAA_0.1",0.697276411266848,NA,0.298466613499158,1,0.584845317001107,0.728469797624081,0.908289765256383,0.88562813884962,-0.0226616264067632,"chr20",11926593,11926594,"+",0.896958952053002,0,"TUTR","distal pA"
"C11orf54","ENSG00000182919","PAS30397_AATAAA_0.3",0.581034444481683,NA,0.583854948143426,1,0.444805258916933,0.613162164648946,0.520318570576964,0.460345598172253,-0.0599729724047107,"chr11",93763082,93763083,"+",0.490332084374608,0,"TUTR","distal pA"
"C1GALT1","ENSG00000106392","PAS20050_AATAAA_0.25",0.182819804918905,NA,0.466518989333508,1,0.494592970216221,0.656891739554517,0.443423249670391,0.483674916717182,0.0402516670467906,"chr7",7244348,7244349,"+",0.463549083193786,0,"TUTR","distal pA"
"C8orf33","ENSG00000182307","PAS23602_None_0.05",0.641780698059225,NA,0.421900330724384,1,0.515990336111622,0.673995062301911,0.702640189262683,0.680470462008561,-0.0221697272541221,"chr8",145056028,145056029,"+",0.691555325635622,0,"TUTR","distal pA"
"CAB39","ENSG00000135932","PAS7067_AATAAA_0.15",0.367329893416419,NA,1.3739634340568,1,0.241132076466723,0.404396364767621,0.869306825515817,0.825278260751965,-0.0440285647638511,"chr2",230821070,230821071,"+",0.847292543133891,0,"TUTR","distal pA"
"CALCOCO2","ENSG00000136436","PAS43006_AATAAA_0.2",0.706714168900536,NA,0.0616062711924314,1,0.803974942032554,0.88707189424026,0.699468172501454,0.708074041489258,0.00860586898780447,"chr17",48863991,48863992,"+",0.703771106995356,0,"TUTR","distal pA"
"CALD1","ENSG00000122786","PAS21014_AATAAA_0.25",0.789744921378515,NA,0.149600923347975,1,0.698917022270103,0.814609126646337,0.726985560610357,0.692804182011124,-0.0341813785992334,"chr7",134970636,134970637,"+",0.70989487131074,0,"TUTR","distal pA"
"CALM1","ENSG00000198668","PAS37043_AATAAA_0.3",1.1650821471814e-07,0.299452286201081,3.61083209632306,1,0.0574043911178125,0.143346801547552,0.480723233436043,0.528113739787962,0.0473905063519195,"chr14",90405606,90405607,"+",0.504418486612003,0,"TUTR","distal pA"
"CALM3","ENSG00000160014","PAS47004_AATAAA_0.05",0.364625232899032,NA,1.39337813576276,1,0.237835440814253,0.401264435543596,0.738921521888765,0.712111299053634,-0.0268102228351312,"chr19",46610780,46610781,"+",0.7255164104712,0,"TUTR","distal pA"
"CAMLG","ENSG00000164615","PAS15404_AATAAA_0.3",0.627746794872601,NA,0.455887270003586,1,0.499552361793695,0.660570560311082,0.533003652666693,0.553842130929436,0.0208384782627433,"chr5",134751374,134751375,"+",0.543422891798065,0,"TUTR","distal pA"
"CANX","ENSG00000127022","PAS15906_ATTAAA_0.15",0.000518675301593338,0.0215186154262274,8.96629985844993,1,0.00275004972558795,0.0128101998337878,0.456491780986024,0.40795562501185,-0.0485361559741742,"chr5",179730924,179730925,"+",0.432223702998937,0,"TUTR","distal pA"
"CAP1","ENSG00000131236","PAS685_AATAAA_0.15",0.148721616633144,NA,0.6978265313046,1,0.403514976341076,0.575319424468765,0.374419415639982,0.360911744206614,-0.0135076714333682,"chr1",40072647,40072648,"+",0.367665579923298,0,"TUTR","distal pA"
"CAPN7","ENSG00000131375","PAS9245_AATAAA_0.3",0.265800156517488,NA,2.01291958717229,1,0.155964922879369,0.298817953685104,0.936028358470982,0.873711942440226,-0.0623164160307558,"chr3",15252299,15252300,"+",0.904870150455604,0,"TUTR","distal pA"
"CARM1","ENSG00000142453","PAS46263_AATAAA_0.45",0.241353273220363,NA,2.20467924580589,1,0.137592510578067,0.273962740293729,0.324486417304362,0.279693123164307,-0.0447932941400546,"chr19",10923070,10923071,"+",0.302089770234334,0,"TUTR","distal pA"
"CBL","ENSG00000110395","PAS30622_AATAAA_0.2",0.550709778562837,NA,0.750242990934566,1,0.386399309310814,0.559187523583366,0.27228128613478,0.235354675757727,-0.0369266103770526,"chr11",119308145,119308146,"+",0.253817980946253,0,"TUTR","distal pA"
"CCNG2","ENSG00000138764","PAS12969_AATAAA_0.2",0.848147662758361,NA,0.0828377237240261,1,0.773488022857646,0.866362510022942,0.236401877996056,0.278335395384066,0.04193351738801,"chr4",77170058,77170059,"+",0.257368636690061,0,"TUTR","distal pA"
"CCT6A","ENSG00000146731","PAS20439_AATAAA_0.1",0.558827112930803,NA,0.64577706592172,1,0.421626547240449,0.591486228896072,0.229033404225207,0.215861644124856,-0.0131717601003511,"chr7",56063988,56063989,"+",0.222447524175032,0,"TUTR","distal pA"
"CD83","ENSG00000112149","PAS17372_ATTAAA_0.25",1,NA,1.37706664986581e-05,1,0.997039149052915,1,0.785415058530126,0.785808910527067,0.000393851996941197,"chr6",14136673,14136674,"+",0.785611984528596,0,"TUTR","distal pA"
"CD9","ENSG00000010278","PAS32089_AATAAA_0.05",0.206338720027951,NA,2.51079612220428,1,0.113068797979438,0.237543603351092,0.921411504260365,0.875735556121374,-0.045675948138991,"chr12",6238258,6238259,"+",0.898573530190869,0,"TUTR","distal pA"
"CDC73","ENSG00000134371","PAS2013_AATAAA_0.2",0.803220361244978,NA,0.00967440474778414,1,0.92164758576495,0.95917545814773,0.3230768946106,0.315789414326409,-0.00728748028419024,"chr1",193253905,193253906,"+",0.319433154468504,0,"TUTR","distal pA"
"CDK13","ENSG00000065883","PAS20319_ATTAAA_0.2",0.510245741350714,NA,0.796304605383057,1,0.372200533480068,0.544758243412004,0.118442803288996,0.155278615804843,0.0368358125158471,"chr7",40097131,40097132,"+",0.136860709546919,0,"TUTR","distal pA"
"CDT1","ENSG00000167513","PAS41015_AATAAA_0.35",0.229473955199453,NA,2.29930240235944,1,0.129432118243496,0.261909413681611,0.183718600550562,0.127494038094766,-0.0562245624557963,"chr16",88809253,88809254,"+",0.155606319322664,0,"TUTR","distal pA"
"CEBPZOS","ENSG00000218739","PAS5484_AATAAA_0.05",0.325730547649921,NA,3.50706584419095,1,0.0611075895915935,0.150423849870392,0.315924945318009,0.265374663793256,-0.0505502815247528,"chr2",37204742,37204743,"+",0.290649804555633,0,"TUTR","distal pA"
"CENPF","ENSG00000117724","PAS2231_AATAAA_0.35",0.129307656924976,NA,3.45175599264599,1,0.0631846084537804,0.154060578941174,0.138635367742509,0.0734923566248528,-0.0651430111176557,"chr1",214664568,214664569,"+",0.106063862183681,0,"TUTR","distal pA"
"CENPH","ENSG00000153044","PAS14909_AATAAA_0.1",0.345450304511742,NA,1.49970751477895,1,0.220716371030413,0.381330607570203,0.762500363908015,0.830886880781148,0.0683865168731331,"chr5",69210355,69210356,"+",0.796693622344582,0,"TUTR","distal pA"
"CENPO","ENSG00000138092","PAS5285_AATAAA_0.1",0.847091491197129,NA,0.0838309506927999,1,0.772171426060112,0.865558339850136,0.703853970523426,0.678217680040026,-0.0256362904834004,"chr2",24822374,24822375,"+",0.691035825281726,0,"TUTR","distal pA"
"CEP164","ENSG00000110274","PAS30570_AATAAA_0.1",0.721369401838498,NA,0.2563106380303,1,0.612666201636534,0.75142090950098,0.878829337567368,0.857031870112359,-0.0217974674550094,"chr11",117413263,117413264,"+",0.867930603839863,0,"TUTR","distal pA"
"CERS6","ENSG00000172292","PAS6492_AATAAA_0.2",0.397973708321904,NA,1.22965473470231,1,0.267474194454854,0.434808456269958,0.818819826342057,0.745718827887917,-0.0731009984541399,"chr2",168775127,168775128,"+",0.782269327114987,0,"TUTR","distal pA"
"CES2","ENSG00000172831","PAS40701_AATAAA_0.35",0.733955339146179,NA,0.232598736384034,1,0.629603563970229,0.764088628328754,0.442992301822058,0.407731765835894,-0.0352605359861641,"chr16",66945088,66945089,"+",0.425362033828976,0,"TUTR","distal pA"
"CHD3","ENSG00000170004","PAS42270_APA_0.05",0.51800250731992,NA,0.770637921531488,1,0.380019778524021,0.552536019880792,0.256520133836392,0.230813590446494,-0.0257065433898981,"chr17",7912754,7912755,"+",0.243666862141443,0,"TUTR","distal pA"
"CHRAC1","ENSG00000104472","PAS23491_ATTAAA_0.15",0.352505206669061,NA,2.09890947034432,1,0.147404238812197,0.287797653362809,0.133804624375012,0.204325617112753,0.070520992737741,"chr8",140517152,140517153,"+",0.169065120743883,0,"TUTR","distal pA"
"CHST11","ENSG00000171310","PAS33182_ATTAAA_0.2",0.861680438795907,NA,0.382922191460523,1,0.536043463270073,0.690634830531171,0.32539185464696,0.382823028234898,0.0574311735879379,"chr12",104760277,104760278,"+",0.354107441440929,0,"TUTR","distal pA"
"CHST12","ENSG00000136213","PAS19948_APA_0.05",0.868416770461688,NA,0.0639844880161036,1,0.800305651217432,0.884523308925806,0.523694205735819,0.537157016104394,0.013462810368575,"chr7",2434616,2434617,"+",0.530425610920106,0,"TUTR","distal pA"
"CHTOP","ENSG00000160679","PAS1583_APA_0.2",0.0358981603085959,0.00845079911085478,8.66713496914417,1,0.00324000182848375,0.0145607226092871,0.148860312729539,0.0917457622385369,-0.0571145504910022,"chr1",153646304,153646305,"+",0.120303037484038,0,"TUTR","distal pA"
"CHURC1","ENSG00000258289","PAS36801_ATTAAA_0.3",0.230475833772909,NA,2.3093347819522,1,0.128599075197881,0.260744743775324,0.262454149164074,0.22277227226924,-0.0396818768948336,"chr14",64932652,64932653,"+",0.242613210716657,0,"TUTR","distal pA"
"CISD2","ENSG00000145354","PAS13097_AATAAA_0.25",0.769060112739257,NA,0.177224016708124,1,0.673769810910488,0.796593935241902,0.650624242677847,0.610044625444377,-0.0405796172334693,"chr4",102888567,102888568,"+",0.630334434061112,0,"TUTR","distal pA"
"CLTC","ENSG00000141367","PAS43165_AATAAA_0.2",0.00113947608120788,1,0.196800759425969,1,0.657315668562265,0.78532236772144,0.134871767138359,0.128950393179027,-0.00592137395933201,"chr17",59695110,59695111,"+",0.131911080158693,0,"TUTR","distal pA"
"CMAS","ENSG00000111726","PAS32314_AATAAA_0.4",0.0462805893742823,0,5.64527786703911,1,0.0175024423311947,0.0572083751728725,0.869932788386533,0.819973500332553,-0.0499592880539803,"chr12",22065659,22065660,"+",0.844953144359543,0,"TUTR","distal pA"
"CMIP","ENSG00000153815","PAS40941_AATAAA_0.1",0.214469939293004,NA,4.20996391324024,1,0.0401871920160831,0.108949152021935,0.558593442677579,0.489949781487026,-0.0686436611905532,"chr16",81711759,81711760,"+",0.524271612082302,0,"TUTR","distal pA"
"CMPK1","ENSG00000162368","PAS832_AATAAA_0.15",0.666107318885966,NA,0.364931561211506,1,0.545780047681284,0.698282937811085,0.671921491065271,0.700087136944658,0.0281656458793873,"chr1",47378837,47378838,"+",0.686004314004965,0,"TUTR","distal pA"
"CNOT11","ENSG00000158435","PAS6077_ATTAAA_0.2",0.894561997075026,NA,0.0427493838615192,1,0.836197889012696,0.908154828585504,0.915695021060584,0.909848513422815,-0.00584650763776884,"chr2",101270314,101270315,"+",0.9127717672417,0,"TUTR","distal pA"
"CNOT2","ENSG00000111596","PAS32966_AATAAA_0.15",0.879855730793098,NA,0.00695046475084382,1,0.933557781402454,0.964463909923002,0.294072958482724,0.292206155840789,-0.00186680264193528,"chr12",70354991,70354992,"+",0.293139557161756,0,"TUTR","distal pA"
"COCH","ENSG00000100473","PAS36469_AATAAA_0.2",0.82406691172044,NA,0.107715323563525,1,0.742760351594498,0.84651781882109,0.182658766027168,0.151329825344389,-0.0313289406827797,"chr14",30890615,30890616,"+",0.166994295685778,0,"TUTR","distal pA"
"COG2","ENSG00000135775","PAS2409_AATAAA_0.1",0.329323300083899,NA,1.58697178664045,1,0.207759315088757,0.365126647940609,0.778127884386431,0.847157749352068,0.069029864965637,"chr1",230693980,230693981,"+",0.81264281686925,0,"TUTR","distal pA"
"COG3","ENSG00000136152","PAS35508_AATAAA_0.1",0.84249406754876,NA,0.0878517524431004,1,0.766926180805754,0.861608425349675,0.774903132691363,0.749034906382825,-0.0258682263085384,"chr13",45536623,45536624,"+",0.761969019537094,0,"TUTR","distal pA"
"COL18A1","ENSG00000182871","PAS50352_AATAAA_0.2",0.930714501282274,NA,0.0190794617806205,1,0.890138921230544,0.939446697645829,0.350874817349484,0.360495550027771,0.00962073267828734,"chr21",45513718,45513719,"+",0.355685183688628,0,"TUTR","distal pA"
"COMMD10","ENSG00000145781","PAS15255_AATAAA_0.25",0.711458411615868,NA,0.274274658188006,1,0.600478602819088,0.742425468739648,0.845843025033334,0.868520471435075,0.0226774464017412,"chr5",116293282,116293283,"+",0.857181748234204,0,"TUTR","distal pA"
"COX20","ENSG00000203667","PAS2502_AATAAA_0.3",0.507471421700235,NA,0.805917669553594,1,0.369329952088469,0.541775523224805,0.205217243895396,0.140537951568373,-0.0646792923270232,"chr1",244845054,244845055,"+",0.172877597731885,0,"TUTR","distal pA"
"CRACD","ENSG00000109265","PAS12861_AATAAA_0.25",0.731070733707433,NA,0.238153711750442,1,0.6255427930054,0.761120931779269,0.413757334208669,0.480321785960248,0.066564451751579,"chr4",56330607,56330608,"+",0.447039560084459,0,"TUTR","distal pA"
"CREBRF","ENSG00000164463","PAS15818_AATAAA_0.3",0.544281242123771,NA,0.688147873916932,1,0.406795072762617,0.577810843520242,0.622034074397394,0.686278091749639,0.0642440173522446,"chr5",173139279,173139280,"+",0.654156083073517,0,"TUTR","distal pA"
"CRISPLD1","ENSG00000121005","PAS23028_ATTAAA_0.25",0.873405303771241,NA,0.141595781723709,1,0.70669971501352,0.82105827233081,0.527305545497979,0.489624786027206,-0.0376807594707734,"chr8",75033296,75033297,"+",0.508465165762592,0,"TUTR","distal pA"
"CSK","ENSG00000103653","PAS38805_None_0.05",0.74428602639325,NA,0.215364479350228,1,0.642594881777743,0.774052318483178,0.58403254623305,0.553097275955855,-0.0309352702771949,"chr15",74803195,74803196,"+",0.568564911094453,0,"TUTR","distal pA"
"CSTF1","ENSG00000101138","PAS49251_AATAAA_0.25",0.819398277515654,NA,0.113456294767957,1,0.736242990808177,0.8416959826203,0.227548107731734,0.2082142285753,-0.0193338791564337,"chr20",56406360,56406361,"+",0.217881168153517,0,"TUTR","distal pA"
"CTCF","ENSG00000102974","PAS40731_AATAAA_0.25",0.961478212259964,NA,0.00648691039873484,1,0.935806703880891,0.965178143584214,0.89972051737653,0.896605731502936,-0.00311478587359382,"chr16",67639176,67639177,"+",0.898163124439733,0,"TUTR","distal pA"
"CTNNA1","ENSG00000044115","PAS15465_AATAAA_0.4",0.121685578770855,NA,3.46000017824917,1,0.0628703081570026,0.153409210584488,0.32139223561171,0.281462413073584,-0.0399298225381262,"chr5",138935030,138935031,"+",0.301427324342647,0,"TUTR","distal pA"
"CXXC5","ENSG00000171604","PAS15500_AATAAA_0.15",0.986134263827691,NA,0.0503948125988245,1,0.82237768913232,0.900580734551786,0.283018608011638,0.29281790883411,0.00979930082247149,"chr5",139683879,139683880,"+",0.287918258422874,0,"TUTR","distal pA"
"CYB5R4","ENSG00000065615","PAS18079_AATAAA_0.35",0.954469695123037,NA,0.00933925966887728,1,0.923012412722236,0.959894551806478,0.0989924809935485,0.103952760998645,0.00496028000509685,"chr6",83963516,83963517,"+",0.101472620996097,0,"TUTR","distal pA"
"CYP2U1","ENSG00000155016","PAS13127_ATTAAA_0.25",0.892674414479502,NA,0.0449167014680825,1,0.832157271236837,0.90580197161062,0.684185446699862,0.711866287457841,0.0276808407579789,"chr4",107953459,107953460,"+",0.698025867078851,0,"TUTR","distal pA"
"CYP4V2","ENSG00000145476","PAS13473_AATAAA_0.15",0.850845740525283,NA,0.0799055790446346,1,0.777425407891912,0.868604519008968,0.131079312205311,0.111145977130397,-0.019933335074914,"chr4",186213461,186213462,"+",0.121112644667854,0,"TUTR","distal pA"
"DAG1","ENSG00000173402","PAS9613_AATAAA_0.15",0.581977859290602,NA,0.227539339096438,1,0.633354404417525,0.766754197105335,0.89326016419341,0.880059595282855,-0.0132005689105548,"chr3",49535612,49535613,"+",0.886659879738132,0,"TUTR","distal pA"
"DAZAP2","ENSG00000183283","PAS32586_AATAAA_0.25",5.25260940061806e-05,1,0.743380510796669,1,0.388580127261503,0.561095561035723,0.875885565122716,0.857816779474395,-0.0180687856483202,"chr12",51243783,51243784,"+",0.866851172298555,0,"TUTR","distal pA"
"DDA1","ENSG00000130311","PAS46437_AATAAA_0.25",0.594940528273983,NA,0.574381708870533,1,0.448522976625068,0.616458544024294,0.143891198242484,0.170613409465279,0.0267222112227948,"chr19",17323294,17323295,"+",0.157252303853882,0,"TUTR","distal pA"
"DDX21","ENSG00000165732","PAS27318_AATAAA_0.1",0.000499566056110371,0.330689237029321,2.33143562036457,1,0.126784901472652,0.257869947305973,0.827424144802536,0.856623746742126,0.0291996019395896,"chr10",68985066,68985067,"+",0.842023945772331,0,"TUTR","distal pA"
"DDX46","ENSG00000145833","PAS15410_APA_0.15",0.297995984069858,NA,0.314315624651044,1,0.575043941141098,0.722232101734303,0.71751990384411,0.686650822227666,-0.0308690816164442,"chr5",134829202,134829203,"+",0.702085363035888,0,"TUTR","distal pA"
"DENND10","ENSG00000119979","PAS27908_AATAAA_0.2",0.761812004733244,NA,0.188792194224106,1,0.663923770499686,0.789368663820229,0.141598503224776,0.117158497613295,-0.0244400056114814,"chr10",119137981,119137982,"+",0.129378500419036,0,"TUTR","distal pA"
"DENND4C","ENSG00000137145","PAS24858_AATAAA_0.35",0.630845179519743,NA,0.447360531133882,1,0.503591068445003,0.66362623542747,0.262604050376104,0.225387229354421,-0.037216821021683,"chr9",19374137,19374138,"+",0.243995639865263,0,"TUTR","distal pA"
"DIP2B","ENSG00000066084","PAS32569_AATAAA_0.2",0.577760538366836,NA,0.591874705292867,1,0.441695096087439,0.609947282953154,0.891939226500359,0.857801744673489,-0.0341374818268699,"chr12",50748655,50748656,"+",0.874870485586924,0,"TUTR","distal pA"
"DIPK1B","ENSG00000165716","PAS25719_AATAAA_0.1",0.0564435062888273,NA,5.2204254592798,1,0.0223230888451432,0.0690821296413434,0.139532852660798,0.0774593416311009,-0.0620735110296974,"chr9",136724714,136724715,"+",0.10849609714595,0,"TUTR","distal pA"
"DLD","ENSG00000091140","PAS20866_AATAAA_0.25",0.411562734122598,NA,1.16618636914154,1,0.280186226822775,0.44823734452496,0.494522795785716,0.439880498055042,-0.0546422977306736,"chr7",107919963,107919964,"+",0.467201646920379,0,"TUTR","distal pA"
"DLG3","ENSG00000082458","PAS52068_AATAAA_0.3",0.898133294114568,NA,0.667736080938994,1,0.413842027429029,0.584472140539826,0.385329377268287,0.352430534710506,-0.0328988425577815,"chrX",70505484,70505485,"+",0.368879955989396,0,"TUTR","distal pA"
"DMAC2L","ENSG00000125375","PAS36590_AATAAA_0.3",0.924554286225395,NA,0.0224957281959632,1,0.88077585006078,0.934179067307729,0.425310749663687,0.410403312361346,-0.0149074373023415,"chr14",50327948,50327949,"+",0.417857031012517,0,"TUTR","distal pA"
"DNAJB4","ENSG00000162616","PAS1041_APA_0.25",0.908624371987981,NA,0.031487982726361,1,0.85915608640428,0.920516879377478,0.5375968915855,0.515596304707939,-0.0220005868775608,"chr1",78017961,78017962,"+",0.526596598146719,0,"TUTR","distal pA"
"DNAJC21","ENSG00000168724","PAS14705_AATAAA_0.15",0.188733087054168,NA,2.68998966576373,1,0.100980468980797,0.219815798401992,0.131400192056664,0.0709078312886693,-0.0604923607679944,"chr5",34958962,34958963,"+",0.101154011672666,0,"TUTR","distal pA"
"DNAJC22","ENSG00000178401","PAS32528_AATAAA_0.3",0.768256964137342,NA,0.80714341409498,1,0.368966151164435,0.541486018394361,0.404958940405285,0.336087108926235,-0.0688718314790503,"chr12",49353678,49353679,"+",0.37052302466576,0,"TUTR","distal pA"
"DNAJC5","ENSG00000101152","PAS49386_AATAAA_0.25",0.308425638692493,NA,0.674539867375643,1,0.411473266115626,0.582264203127734,0.623872614885979,0.594522641058428,-0.029349973827551,"chr20",63936007,63936008,"+",0.609197627972204,0,"TUTR","distal pA"
"DPY19L4","ENSG00000156162","PAS23155_AATAAA_0.3",5.02766126743759e-06,1,1.08913338184357,1,0.296663303203396,0.465510619146966,0.473145779922913,0.430379580248229,-0.0427661996746846,"chr8",94793832,94793833,"+",0.451762680085571,0,"TUTR","distal pA"
"DRAM1","ENSG00000136048","PAS33143_AATAAA_0.2",0.0534469436992719,NA,-0.000199153236280836,1,1,1,0.711406812281437,0.710667963609792,-0.000738848671645753,"chr12",101923610,101923611,"+",0.711037387945614,0,"TUTR","distal pA"
"DRG2","ENSG00000108591","PAS42400_AATAAA_0.25",0.917306236481541,NA,0.026686299434914,1,0.870235453385181,0.927847108144315,0.723140222033101,0.729702348233037,0.00656212619993524,"chr17",18107968,18107969,"+",0.726421285133069,0,"TUTR","distal pA"
"DSE","ENSG00000111817","PAS18230_AATAAA_0.2",0.400738401780336,NA,1.21419652398504,1,0.270502600784558,0.437762758862013,0.944275032931544,0.891612075023289,-0.0526629579082556,"chr6",116438276,116438277,"+",0.917943553977416,0,"TUTR","distal pA"
"DTWD1","ENSG00000104047","PAS38526_AATAAA_0.3",0.948600804121316,NA,0.0116465121909641,1,0.914059939333156,0.9553488837908,0.265286368763669,0.257502759637243,-0.00778360912642595,"chr15",49645134,49645135,"+",0.261394564200456,0,"TUTR","distal pA"
"DTX3L","ENSG00000163840","PAS10058_AATAAA_0.15",0.867207827697665,NA,0.0648352851371783,1,0.799010633070627,0.883467190767956,0.922439404900862,0.914202121669118,-0.00823728323174466,"chr3",122575199,122575200,"+",0.91832076328499,0,"TUTR","distal pA"
"DUSP14","ENSG00000276023","PAS42694_AATAAA_0.4",0.284442636433229,NA,1.87781657741607,1,0.170582515591475,0.318569212886319,0.864285785222243,0.925472922643373,0.0611871374211297,"chr17",37513496,37513497,"+",0.894879353932808,0,"TUTR","distal pA"
"DVL3","ENSG00000161202","PAS10572_AATAAA_0.3",0.437929447457572,NA,1.05217111939783,1,0.30500758796937,0.473704791841251,0.652838103458805,0.609119310025924,-0.0437187934328815,"chr3",184173603,184173604,"+",0.630978706742364,0,"TUTR","distal pA"
"ECT2","ENSG00000114346","PAS10487_AATAAA_0.25",0.424905107115134,NA,1.10935604488213,1,0.292221972915754,0.460317701677036,0.70217893675241,0.638589454678879,-0.0635894820735304,"chr3",172821466,172821467,"+",0.670384195715645,0,"TUTR","distal pA"
"EFR3A","ENSG00000132294","PAS23464_AATAAA_0.4",0.759057251336086,NA,0.193311215050926,1,0.660174892971385,0.786792793370232,0.527008013007088,0.505367207819844,-0.0216408051872433,"chr8",132013521,132013522,"+",0.516187610413466,0,"TUTR","distal pA"
"EGR1","ENSG00000120738","PAS15460_AATAAA_0.15",0.0180046417313006,0.678607188068166,1.26782438198279,1,0.260175221457924,0.426997119035435,0.518878338350582,0.488478941350939,-0.0303993969996434,"chr5",138469301,138469302,"+",0.50367863985076,0,"TUTR","distal pA"
"EID1","ENSG00000255302","PAS38514_AATAAA_0.2",0.0796280799473051,NA,4.47971012873677,1,0.0342995379831425,0.0963184911037189,0.355544151216673,0.315029055417501,-0.040515095799172,"chr15",48879803,48879804,"+",0.335286603317087,0,"TUTR","distal pA"
"EIF1","ENSG00000173812","PAS42792_AATAAA_0.35",0.00107797404824747,0.000139321218771563,16.3228773254668,1,5.34151856700318e-05,0.000428955375328882,0.28115044465366,0.31274267693295,0.0315922322792903,"chr17",41691640,41691641,"+",0.296946560793305,0,"TUTR","distal pA"
"EIF2S1","ENSG00000134001","PAS36832_AATAAA_0.3",0.0374824559085738,0.163752706563266,4.6314480511046,1,0.031391059101302,0.0900356738120439,0.415102549549988,0.362533922442309,-0.0525686271076792,"chr14",67386514,67386515,"+",0.388818235996148,0,"TUTR","distal pA"
"EIF3J","ENSG00000104131","PAS38479_AATAAA_0.2",0.666392149095138,NA,0.460308376903413,1,0.497479888094544,0.659038544379507,0.35381939518958,0.28610933606803,-0.0677100591215503,"chr15",44562085,44562086,"+",0.319964365628805,0,"TUTR","distal pA"
"EIF4EBP2","ENSG00000148730","PAS27350_APA_0.2",0.0711635041347506,NA,1.67179182358086,1,0.196018706274668,0.350046853952554,0.44410868090956,0.380953255219962,-0.0631554256895981,"chr10",70428615,70428616,"+",0.412530968064761,0,"TUTR","distal pA"
"ELP3","ENSG00000134014","PAS22709_AATAAA_0.35",0.899609979221832,NA,0.0380026111058669,1,0.845437896353428,0.912610772523659,0.517828091239593,0.530487005463772,0.0126589142241795,"chr8",28191149,28191150,"+",0.524157548351682,0,"TUTR","distal pA"
"ENDOD1","ENSG00000149218","PAS30426_AATAAA_0.2",0.637640168106593,NA,0.432256928808556,1,0.510883580662791,0.670106646020049,0.673356687589428,0.641074437255027,-0.0322822503344012,"chr11",95132642,95132643,"+",0.657215562422227,0,"TUTR","distal pA"
"ENGASE","ENSG00000167280","PAS43465_AATAAA_0.2",0.90546563096205,NA,0.0346915254151554,1,0.852243530840663,0.917315148353228,0.794964278217625,0.784934829500457,-0.0100294487171686,"chr17",79088596,79088597,"+",0.789949553859041,0,"TUTR","distal pA"
"ENSG00000285816","ENSG00000285816","PAS30013_AATAAA_0.4",0.57854781167038,NA,0.589376617623202,1,0.442660278099072,0.610852407094722,0.262878810998368,0.229806882271688,-0.0330719287266801,"chr11",65322413,65322414,"+",0.246342846635028,0,"TUTR","distal pA"
"EPDR1","ENSG00000086289","PAS20302_AATAAA_0.4",0.0518873301692003,NA,0.970659555885959,1,0.324515742648179,0.495125261939354,0.741070681077546,0.690147759897506,-0.05092292118004,"chr7",37951931,37951932,"+",0.715609220487526,0,"TUTR","distal pA"
"ERAP2","ENSG00000164308","PAS15152_AATAAA_0.35",0.637640168106593,NA,0.432502534385378,1,0.510763540779081,0.670084278269803,0.804712131759472,0.857334111535054,0.0526219797755817,"chr5",96919699,96919700,"+",0.831023121647263,0,"TUTR","distal pA"
"ERBIN","ENSG00000112851","PAS14885_None_0.25",0.126606949123766,NA,3.83560549015419,1,0.050174865496104,0.129394673939913,0.651954541006064,0.604074952953117,-0.047879588052947,"chr5",66080508,66080509,"+",0.62801474697959,0,"TUTR","distal pA"
"ERVK3-1","ENSG00000142396","PAS47388_APA_0.15",0.128879932893144,NA,3.4604334948599,1,0.0628538346066272,0.153397777519887,0.129956147715301,0.0613952366024146,-0.0685609111128862,"chr19",58315651,58315652,"+",0.0956756921588577,0,"TUTR","distal pA"
"ETNK1","ENSG00000139163","PAS32323_AATAAA_0.35",0.0317968960028319,0.845791537309513,3.40867240617536,1,0.0648546034866452,0.156539334096775,0.591355039503776,0.646731206879307,0.0553761673755313,"chr12",22690663,22690664,"+",0.619043123191541,0,"TUTR","distal pA"
"ETS2","ENSG00000157557","PAS50249_AATAAA_0.25",0.836350281698561,NA,0.546500915530487,1,0.45975095329634,0.62672733660646,0.301130800286855,0.350581489479022,0.0494506891921672,"chr21",38824951,38824952,"+",0.325856144882938,0,"TUTR","distal pA"
"EXD2","ENSG00000081177","PAS36852_AATAAA_0.4",0.974475703285721,NA,0.00305816946615778,1,0.955898889767089,0.975922819122793,0.200546647573418,0.204510066891432,0.00396341931801458,"chr14",69244013,69244014,"+",0.202528357232425,0,"TUTR","distal pA"
"EXT2","ENSG00000151348","PAS29782_ATTAAA_0.3",0.954306716371168,NA,0.125863545108587,1,0.72276001243872,0.832640610131099,0.122807363758189,0.134615352122253,0.0118079883640643,"chr11",44245423,44245424,"+",0.128711357940221,0,"TUTR","distal pA"
"FAF2","ENSG00000113194","PAS15843_ATTAAA_0.25",0.675828777886317,NA,0.342731871619435,1,0.558256562459286,0.708721594863147,0.915170469764517,0.900259356770342,-0.0149111129941752,"chr5",176510072,176510073,"+",0.90771491326743,0,"TUTR","distal pA"
"FAHD1","ENSG00000180185","PAS40090_AATAAA_0.35",0.995032391290737,NA,0.0231768440005453,1,0.878998095876126,0.933289998501634,0.686753784399672,0.699569044744589,0.012815260344917,"chr16",1828907,1828908,"+",0.693161414572131,0,"TUTR","distal pA"
"FAHD2A","ENSG00000115042","PAS5988_AATAAA_0.05",0.678856211661062,NA,0.336062896091789,1,0.562110657020715,0.711758877085781,0.130528467522984,0.161185709676827,0.0306572421538438,"chr2",95416614,95416615,"+",0.145857088599906,0,"TUTR","distal pA"
"FAM118A","ENSG00000100376","PAS51148_AATAAA_0.15",0.686056697308239,NA,0.32220948564111,1,0.570282840795438,0.718401801284709,0.79889078189354,0.749070674775438,-0.0498201071181024,"chr22",45341952,45341953,"+",0.773980728334489,0,"TUTR","distal pA"
"FAM120A","ENSG00000048828","PAS25169_AATAAA_0.2",0.128447475159627,NA,3.46882401342919,1,0.062535754489205,0.152879536571784,0.580913170355189,0.525856030127636,-0.0550571402275528,"chr9",93566108,93566109,"+",0.553384600241412,0,"TUTR","distal pA"
"FAM199X","ENSG00000123575","PAS52242_AATAAA_0.25",0.960148168000514,NA,0.00696032762652976,1,0.933510765760448,0.964463909923002,0.555050731679443,0.54857232124501,-0.00647841043443231,"chrX",104195893,104195894,"+",0.551811526462226,0,"TUTR","distal pA"
"FAS","ENSG00000026103","PAS27536_ATTAAA_0.05",0.824427165237563,NA,0.107284585161779,1,0.743257031321808,0.846787230659314,0.597097150440772,0.571574670382507,-0.0255224800582647,"chr10",89015783,89015784,"+",0.58433591041164,0,"TUTR","distal pA"
"FBXO22","ENSG00000167196","PAS38840_AATAAA_0.15",0.504029134547896,NA,2.56776504359641,1,0.109061717897406,0.231633774277614,0.121779219201146,0.16916186815887,0.0473826489577245,"chr15",75934109,75934110,"+",0.145470543680008,0,"TUTR","distal pA"
"FBXO28","ENSG00000143756","PAS2306_AATAAA_0.1",0.959777045279785,NA,0.00716356126258688,1,0.932549327685331,0.964034350267652,0.731823063647502,0.72672441027877,-0.00509865336873183,"chr1",224162045,224162046,"+",0.729273736963136,0,"TUTR","distal pA"
"FBXO34","ENSG00000178974","PAS36661_AATAAA_0.4",0.983033281007101,NA,0.00144237721713125,1,0.969704711281306,0.983919485996385,0.846490175353841,0.843690784489505,-0.002799390864336,"chr14",55353608,55353609,"+",0.845090479921673,0,"TUTR","distal pA"
"FBXO44","ENSG00000132879","PAS198_ATTAAA_0.15",0.88128733567736,NA,0.0537996897966195,1,0.816578711948026,0.895586917705829,0.16779479105523,0.152999730724534,-0.0147950603306959,"chr1",11663325,11663326,"+",0.160397260889882,0,"TUTR","distal pA"
"FBXO45","ENSG00000174013","PAS10711_AATAAA_0.25",0.390386628536406,NA,1.26697384018507,1,0.260335153993233,0.427151854610256,0.128699696534009,0.176202956487587,0.0475032599535782,"chr3",196589056,196589057,"+",0.152451326510798,0,"TUTR","distal pA"
"FCF1","ENSG00000119616","PAS36949_AATAAA_0.2",0.990871000331819,NA,0.000557853478085235,1,0.981156578759938,0.990058200946268,0.080070739182047,0.0791778066895479,-0.00089293249249911,"chr14",74738618,74738619,"+",0.0796242729357974,0,"TUTR","distal pA"
"FGF5","ENSG00000138675","PAS12990_ATTAAA_0.3",0.000260734960665142,0.756348615257695,2.15449917852675,1,0.142152787697235,0.280091324988676,0.317207142198805,0.375711488502123,0.0585043463033178,"chr4",80288959,80288960,"+",0.346459315350464,0,"TUTR","distal pA"
"FKBP4","ENSG00000004478","PAS32055_AATAAA_0.35",0.921790676350136,NA,0.0243379801613628,1,0.876028018658994,0.931335445841137,0.83068865425691,0.83379320089883,0.00310454664191984,"chr12",2803937,2803938,"+",0.83224092757787,0,"TUTR","distal pA"
"FLVCR1","ENSG00000162769","PAS2220_AATAAA_0.15",0.790695346142601,NA,0.148491161875427,1,0.699981448040014,0.815475253656643,0.730335395741354,0.760869423492423,0.0305340277510694,"chr1",212899360,212899361,"+",0.745602409616888,0,"TUTR","distal pA"
"FOXK2","ENSG00000141568","PAS43587_AATAAA_0.4",1.27764431171959e-05,0.0980512708752528,5.5203750842602,1,0.0187962281882264,0.0604685580750037,0.145936668328859,0.0794194249436554,-0.0665172433852036,"chr17",82604599,82604600,"+",0.112678046636257,1,"TUTR","distal pA"
"FOXP4","ENSG00000137166","PAS17779_ATTAAA_0.1",0.116299076606585,NA,0.789364029718854,1,0.374292498228651,0.54659053747609,0.866939913609568,0.835291448240339,-0.0316484653692285,"chr6",41600625,41600626,"+",0.851115680924954,0,"TUTR","distal pA"
"FZD2","ENSG00000180340","PAS42885_APA_0.15",0.390928759748972,NA,0.0940126113746373,1,0.759136617209452,0.8562442615811,0.202637517797168,0.192925543033713,-0.00971197476345517,"chr17",44560571,44560572,"+",0.19778153041544,0,"TUTR","distal pA"
"GALM","ENSG00000143891","PAS5503_AATAAA_0.25",0.615614033596449,NA,0.487273685186665,1,0.485145978082474,0.647906877338592,0.628567923954326,0.598242458936771,-0.0303254650175556,"chr2",38734763,38734764,"+",0.613405191445549,0,"TUTR","distal pA"
"GAPVD1","ENSG00000165219","PAS25488_AATAAA_0.05",0.365348782441391,NA,0.331079567185498,1,0.565024090228482,0.714127669594331,0.656973943668373,0.61712289866088,-0.0398510450074931,"chr9",125365008,125365009,"+",0.637048421164626,0,"TUTR","distal pA"
"GATA3","ENSG00000107485","PAS26910_AATAAA_0.15",0.66870177364054,NA,0.35957429346945,1,0.548742757092592,0.701108443598026,0.124154598191215,0.161425123888436,0.0372705256972203,"chr10",8074882,8074883,"+",0.142789861039825,0,"TUTR","distal pA"
"GATAD2A","ENSG00000167491","PAS46503_AATAAA_0.15",0.669431153275947,NA,0.0241599821147247,1,0.876478538267677,0.931537525703602,0.706637521733677,0.710874912710518,0.00423739097684095,"chr19",19507339,19507340,"+",0.708756217222098,0,"TUTR","distal pA"
"GATC","ENSG00000257218","PAS33401_AATAAA_0.4",0.814461930403122,NA,0.0486419033259153,1,0.825443541203351,0.902516058570653,0.402277283243567,0.395491507754089,-0.00678577548947756,"chr12",120463745,120463746,"+",0.398884395498828,0,"TUTR","distal pA"
"GCDH","ENSG00000105607","PAS46324_AATAAA_0.2",0.491842536785648,NA,0.855757896788418,1,0.354928543312603,0.527383088336764,0.75609669350187,0.691357936293121,-0.0647387572087494,"chr19",12899967,12899968,"+",0.723727314897495,0,"TUTR","distal pA"
"GGPS1","ENSG00000152904","PAS2453_ATTAAA_0.45",0.364892238151788,NA,1.39061709401039,1,0.238300914881439,0.401447358774026,0.130045203633619,0.185410618893648,0.055365415260029,"chr1",235344526,235344527,"+",0.157727911263634,0,"TUTR","distal pA"
"GID4","ENSG00000141034","PAS42397_AATAAA_0.25",0.40367833308329,NA,1.20139237513706,1,0.273043564877879,0.440449274597887,0.89617808642284,0.845821588340671,-0.0503564980821686,"chr17",18068403,18068404,"+",0.870999837381756,0,"TUTR","distal pA"
"GIGYF2","ENSG00000204120","PAS7119_AATAAA_0.35",0.118615750273836,NA,0.0622209547595958,1,0.803019453192043,0.886370520997035,0.655342082327611,0.637653159540953,-0.0176889227866577,"chr2",232858607,232858608,"+",0.646497620934282,0,"TUTR","distal pA"
"GM2A","ENSG00000196743","PAS15670_AATAAA_0.45",0.388551791673457,NA,1.27564509406693,1,0.258710329374567,0.425397714954668,0.0694874031071243,0.108884445945187,0.0393970428380629,"chr5",151270389,151270390,"+",0.0891859245261558,0,"TUTR","distal pA"
"GNL3L","ENSG00000130119","PAS51994_APA_0.1",0.181111731331438,NA,1.18534464870754,1,0.276270611076446,0.444169688897677,0.405397947607732,0.461457854276476,0.0560599066687439,"chrX",54562948,54562949,"+",0.433427900942104,0,"TUTR","distal pA"
"GOLGA7","ENSG00000147533","PAS22824_AATAAA_0.2",0.888866704572057,NA,0.0488452970166691,1,0.825084863444583,0.902406230291172,0.686512055183206,0.695186405437924,0.00867435025471763,"chr8",41510977,41510978,"+",0.690849230310565,0,"TUTR","distal pA"
"GPBP1","ENSG00000062194","PAS14826_AATAAA_0.2",0.0371825268983871,0,6.1172420093917,1,0.0133869506521936,0.0464173697940302,0.120187276459868,0.0634230818057329,-0.056764194654135,"chr5",57263582,57263583,"+",0.0918051791328003,0,"TUTR","distal pA"
"GPN1","ENSG00000198522","PAS5366_AATAAA_0.3",0.297712893045399,NA,1.78309241446459,1,0.181770053805566,0.332355446139079,0.0851499645545806,0.118894921475054,0.0337449569204732,"chr2",27651509,27651510,"+",0.102022443014817,0,"TUTR","distal pA"
"GPR173","ENSG00000184194","PAS51976_APA_0.15",0.854771106730136,NA,0.0757838788176173,1,0.783094430696445,0.872167735933998,0.386140421635336,0.338846840105431,-0.0472935815299044,"chrX",53080611,53080612,"+",0.362493630870384,0,"TUTR","distal pA"
"GPR27","ENSG00000170837","PAS9802_APA_0.05",0.355206899011686,NA,1.43956494874112,1,0.230209754159609,0.391393480915658,0.883084778639366,0.811250606415333,-0.0718341722240332,"chr3",71756494,71756495,"+",0.84716769252735,0,"TUTR","distal pA"
"GRWD1","ENSG00000105447","PAS47061_AATAAA_0.2",0.397557907740069,NA,1.23237345168991,1,0.266945954321085,0.434194284616771,0.879602166162578,0.917556785394032,0.0379546192314545,"chr19",48453896,48453897,"+",0.898579475778305,0,"TUTR","distal pA"
"GSPT2","ENSG00000189369","PAS51970_AATAAA_0.4",0.716264618517845,NA,0.265157617872546,1,0.606598738252493,0.746516869763542,0.262125731773622,0.216934528585402,-0.0451912031882209,"chrX",51746227,51746228,"+",0.239530130179512,0,"TUTR","distal pA"
"GTF3C4","ENSG00000125484","PAS25667_AATAAA_0.15",0.582968564734172,NA,0.272848658960356,1,0.601427237565542,0.743245265189021,0.413267098557938,0.382229905827729,-0.0310371927302089,"chr9",132694951,132694952,"+",0.397748502192833,0,"TUTR","distal pA"
"GTSE1","ENSG00000075218","PAS51178_AATAAA_0.25",0.650844086204823,NA,0.4022241496898,1,0.525942843128153,0.683111509894171,0.598436804059227,0.647360404458896,0.0489236003996692,"chr22",46330808,46330809,"+",0.622898604259061,0,"TUTR","distal pA"
"HABP4","ENSG00000130956","PAS25214_AATAAA_0.4",0.198824066639101,NA,1.65291987308092,1,0.198561986236873,0.353437779679455,0.201757840049154,0.153097861880526,-0.0486599781686285,"chr9",96491334,96491335,"+",0.17742785096484,0,"TUTR","distal pA"
"HAUS2","ENSG00000137814","PAS38417_AATAAA_0.3",0.624406339357998,NA,0.465224011922373,1,0.495192590921557,0.657075679174286,0.695753303504042,0.652273024659643,-0.0434802788443993,"chr15",42569989,42569990,"+",0.674013164081843,0,"TUTR","distal pA"
"HDAC11","ENSG00000163517","PAS9216_AATAAA_0.15",1,NA,1.13895920321738e-05,1,0.997307266823668,1,0.876157492334404,0.876332831584199,0.000175339249794404,"chr3",13506414,13506415,"+",0.876245161959302,0,"TUTR","distal pA"
"HEXIM1","ENSG00000186834","PAS42916_ATTAAA_0.2",0.646421829404528,NA,0.225760874338448,1,0.634685048467649,0.767579603690475,0.31477017549711,0.331269816634903,0.0164996411377939,"chr17",45152095,45152096,"+",0.323019996066006,0,"TUTR","distal pA"
"HGSNAT","ENSG00000165102","PAS22874_AATAAA_0.3",0.731901328012143,NA,0.608505152090288,1,0.435351202557943,0.604875487844362,0.280438774965162,0.234354625719289,-0.0460841492458726,"chr8",43202825,43202826,"+",0.257396700342225,0,"TUTR","distal pA"
"HINT3","ENSG00000111911","PAS18275_AATAAA_0.2",0.211436305213857,NA,2.45631675546906,1,0.117052973307797,0.243246621152085,0.920218675385333,0.866537949161002,-0.0536807262243315,"chr6",125980240,125980241,"+",0.893378312273168,0,"TUTR","distal pA"
"HIPK3","ENSG00000110422","PAS29680_ATTAAA_0.25",0.821930882675815,NA,0.109995486691787,1,0.74014927419931,0.844503507685719,0.91060365026638,0.895066298823662,-0.0155373514427176,"chr11",33357019,33357020,"+",0.902834974545021,0,"TUTR","distal pA"
"HMCES","ENSG00000183624","PAS10128_AATAAA_0.2",0.391666128817014,NA,1.25853939215222,1,0.261927744886806,0.428629998014588,0.329793416375917,0.395941483188088,0.0661480668121712,"chr3",129306182,129306183,"+",0.362867449782002,0,"TUTR","distal pA"
"HMGA2","ENSG00000149948","PAS32890_AATAAA_0.15",1.56578854577453e-08,1,0.733933605128641,1,0.391611117887686,0.563693124035886,0.416844315321858,0.387203282601255,-0.0296410327206034,"chr12",65966217,65966218,"+",0.402023798961557,1,"TUTR","distal pA"
"HMOX2","ENSG00000103415","PAS40195_AATAAA_0.05",0.866282369037623,NA,0.066118951421231,1,0.79707374422715,0.882375213409435,0.121052825832371,0.111111250941245,-0.0099415748911259,"chr16",4510345,4510346,"+",0.116082038386808,0,"TUTR","distal pA"
"HOOK3","ENSG00000168172","PAS22860_AATAAA_0.4",0.54663216595927,NA,0.000851195449286024,1,0.976724817232255,0.987500586329216,0.239278043517811,0.241363584082982,0.00208554056517052,"chr8",43030529,43030530,"+",0.240320813800396,0,"TUTR","distal pA"
"HPCAL1","ENSG00000115756","PAS5220_ATTAAA_0.25",0.721369401838498,NA,0.256379775233654,1,0.612618278567794,0.75142090950098,0.836244773874319,0.826895736367539,-0.00934903750677929,"chr2",10427600,10427601,"+",0.831570255120929,0,"TUTR","distal pA"
"HPRT1","ENSG00000165704","PAS52367_AATAAA_0.35",0.735987855676609,NA,0.229080442931263,1,0.632206505982208,0.765682878566787,0.812343076370911,0.792980228469916,-0.0193628479009947,"chrX",134500665,134500666,"+",0.802661652420414,0,"TUTR","distal pA"
"HSBP1","ENSG00000230989","PAS40949_AATAAA_0.15",0.888184451119429,NA,0.0494169051034987,1,0.824081025986487,0.901990612428477,0.0995713232358586,0.104669643002599,0.00509831976674047,"chr16",83812990,83812991,"+",0.102120483119229,0,"TUTR","distal pA"
"HSD17B1","ENSG00000108786","PAS42817_AATAAA_0.25",0.34920726604404,NA,1.47299134135346,1,0.224874319865671,0.385393062611999,0.86323565634218,0.90728166898044,0.04404601263826,"chr17",42555212,42555213,"+",0.88525866266131,0,"TUTR","distal pA"
"HSD17B4","ENSG00000133835","PAS15272_AATAAA_0.05",0.226976066388954,NA,3.55077647316921,1,0.0595175927010544,0.147299816245497,0.622531124241833,0.696425579994393,0.0738944557525604,"chr5",119542331,119542332,"+",0.659478352118113,0,"TUTR","distal pA"
"HSPA4","ENSG00000170606","PAS15384_AATAAA_0.25",4.46779230153382e-05,3.42976348655988e-06,23.4012110171825,1,1.31495729835149e-06,1.60370565355651e-05,0.133365134879724,0.0655571295481291,-0.0678080053315953,"chr5",133106446,133106447,"+",0.0994611322139267,0,"TUTR","distal pA"
"HTT","ENSG00000197386","PAS12520_ATTAAA_0.15",0.877824328991766,NA,0.0570796529041218,1,0.81117266946882,0.892440813983577,0.116264406961404,0.108166792279262,-0.00809761468214198,"chr4",3243955,3243956,"+",0.112215599620333,0,"TUTR","distal pA"
"IAH1","ENSG00000134330","PAS5187_AATAAA_0.25",0.654938104959407,NA,0.390081149028447,1,0.532256749462213,0.687265040757271,0.863233949267299,0.884730613190444,0.0214966639231456,"chr2",9488464,9488465,"+",0.873982281228872,0,"TUTR","distal pA"
"ICAM1","ENSG00000090339","PAS46239_AATAAA_0.1",0.305677166100034,NA,3.32566571195457,1,0.0682063964457635,0.163036340365305,0.555957237774484,0.489078371494783,-0.0668788662797011,"chr19",10286613,10286614,"+",0.522517804634634,0,"TUTR","distal pA"
"IL13RA1","ENSG00000131724","PAS52299_AATAAA_0.2",0.763497872742514,NA,0.186091991023204,1,0.666189320334154,0.790978250502586,0.862051450656039,0.843590419096899,-0.0184610315591398,"chrX",118794531,118794532,"+",0.852820934876469,0,"TUTR","distal pA"
"IMP4","ENSG00000136718","PAS6292_AATAAA_0.15",0.151524161941397,NA,3.13662088188448,1,0.0765522570342226,0.178366073551717,0.208425606784686,0.142959471364115,-0.0654661354205709,"chr2",130347808,130347809,"+",0.175692539074401,0,"TUTR","distal pA"
"IMPACT","ENSG00000154059","PAS45280_AATAAA_0.3",0.707694928854843,NA,0.127950386269504,1,0.720566686208492,0.830608050990443,0.278065570753227,0.298327924368639,0.0202623536154118,"chr18",24451590,24451591,"+",0.288196747560933,0,"TUTR","distal pA"
"ING1","ENSG00000153487","PAS35749_AATAAA_0.2",0.963019554652667,NA,0.073837525346562,1,0.785829161858096,0.874689494761731,0.381191033595999,0.351606523196059,-0.0295845103999397,"chr13",110720770,110720771,"+",0.366398778396029,0,"TUTR","distal pA"
"INPP4A","ENSG00000040933","PAS6024_AATAAA_0.2",0.662522909343913,NA,0.373603533318487,1,0.541046556128728,0.694754177511737,0.775375957551306,0.83109703078211,0.0557210732308038,"chr2",98590149,98590150,"+",0.803236494166708,0,"TUTR","distal pA"
"IPO11","ENSG00000086200","PAS14855_ATTAAA_0.15",0.502437882286647,NA,0.823360919347806,1,0.364199341040071,0.536730014151126,0.917335121705339,0.8729225016873,-0.0444126200180395,"chr5",62628580,62628581,"+",0.895128811696319,0,"TUTR","distal pA"
"IPO7","ENSG00000205339","PAS29461_APA_0.25",4.71749339825053e-07,1,0.0250723002900486,1,0.874187037366556,0.93036049336049,0.438643189466712,0.441468251171957,0.00282506170524466,"chr11",9446745,9446746,"+",0.440055720319334,0,"TUTR","distal pA"
"IQGAP1","ENSG00000140575","PAS39007_AATAAA_0.1",0.45731828123369,NA,6.0730623472482,1,0.0137258784120739,0.0472651113459428,0.466029229992259,0.412960728569936,-0.0530685014223221,"chr15",90502237,90502238,"+",0.439494979281098,0,"TUTR","distal pA"
"ITPR3","ENSG00000096433","PAS17678_AATAAA_0.35",0.0368401719441777,0,6.13564484651033,1,0.0132483221593163,0.0460471197273459,0.938577662891956,0.899216166946731,-0.0393614959452251,"chr6",33696560,33696561,"+",0.918896914919343,0,"TUTR","distal pA"
"JMY","ENSG00000152409","PAS15027_AATAAA_0.25",0.830862562506647,NA,0.100721711027973,1,0.750965265612268,0.851691737965177,0.873108547879156,0.8585596548523,-0.0145488930268565,"chr5",79327208,79327209,"+",0.865834101365728,0,"TUTR","distal pA"
"KDM2A","ENSG00000173120","PAS30126_AATAAA_0.4",0.926571316587061,NA,0.0211944650122859,1,0.884250439561524,0.936092488907211,0.81698257077336,0.810012288068597,-0.0069702827047623,"chr11",67258076,67258077,"+",0.813497429420978,0,"TUTR","distal pA"
"KHDRBS1","ENSG00000121774","PAS536_AATAAA_0.45",0.0229851624524419,0.00983999100187532,8.39014298114489,1,0.00377261231986792,0.0166191618545841,0.511300543983829,0.444649651879454,-0.0666508921043749,"chr1",32043873,32043874,"+",0.477975097931642,0,"TUTR","distal pA"
"KHDRBS3","ENSG00000131773","PAS23483_AATAAA_0.2",0.150864565822939,NA,3.14710770962438,1,0.0760616720054328,0.17757275525775,0.333270552309102,0.267184543156651,-0.0660860091524503,"chr8",135647606,135647607,"+",0.300227547732876,0,"TUTR","distal pA"
"KHNYN","ENSG00000100441","PAS36443_AATAAA_0.25",0.715793170669697,NA,0.266183484862722,1,0.60590348980372,0.746014013891932,0.78813476417036,0.75846752730325,-0.02966723686711,"chr14",24441338,24441339,"+",0.773301145736805,0,"TUTR","distal pA"
"KIF20B","ENSG00000138182","PAS27548_AATAAA_0.05",0.90546563096205,NA,0.0346388198088903,1,0.852354523122805,0.917315148353228,0.785893874652557,0.769550032062445,-0.0163438425901119,"chr10",89774932,89774933,"+",0.777721953357501,0,"TUTR","distal pA"
"KIF3B","ENSG00000101350","PAS48936_AATAAA_0.45",0.734347818477038,NA,0.231187717256716,1,0.630644549157174,0.764398054974919,0.874001834996571,0.854598990344037,-0.0194028446525336,"chr20",32335005,32335006,"+",0.864300412670304,0,"TUTR","distal pA"
"KIFBP","ENSG00000198954","PAS27321_AATAAA_0.2",0.572977308378791,NA,0.607715655029438,1,0.435649205056465,0.605091589860154,0.920926365499435,0.876963214274527,-0.0439631512249086,"chr10",69016977,69016978,"+",0.898944789886981,0,"TUTR","distal pA"
"KIRREL1","ENSG00000183853","PAS1697_ATTAAA_0.1",0.667610871482603,NA,1.08966215551527,1,0.296546076396621,0.465382789694794,0.747003480760165,0.67873972116929,-0.068263759590875,"chr1",158099032,158099033,"+",0.712871600964728,0,"TUTR","distal pA"
"KLF3","ENSG00000109787","PAS12712_AATAAA_0.35",0.257205845102341,NA,0.00474661942439525,1,0.945072630049996,0.97004497040863,0.423429964706338,0.418169275022778,-0.00526068968355947,"chr4",38701038,38701039,"+",0.420799619864558,0,"TUTR","distal pA"
"KLF5","ENSG00000102554","PAS35607_AATAAA_0.1",0.614447079453548,NA,0.492206600712052,1,0.482944638168645,0.646493012703415,0.664938789546615,0.615963095561858,-0.0489756939847573,"chr13",73077536,73077537,"+",0.640450942554237,0,"TUTR","distal pA"
"KLHDC10","ENSG00000128607","PAS20984_AATAAA_0.25",0.894561997075026,NA,0.0429742783308029,1,0.835773712578517,0.908154828585504,0.620687687936383,0.636363636363636,0.0156759484272531,"chr7",130135702,130135703,"+",0.62852566215001,0,"TUTR","distal pA"
"KLHL36","ENSG00000135686","PAS40964_APA_0.2",0.902874367489058,NA,0.0361533741564699,1,0.84919910784484,0.915393306029233,0.303553576967115,0.323322275017866,0.019768698050751,"chr16",84667683,84667684,"+",0.313437925992491,0,"TUTR","distal pA"
"KMT2A","ENSG00000118058","PAS30590_AATAAA_0.2",0.0688000879817712,NA,6.62422709501698,1,0.0100600788493313,0.0370960062528614,0.253019913773429,0.193573209439903,-0.0594467043335261,"chr11",118526830,118526831,"+",0.223296561606666,0,"TUTR","distal pA"
"KPNA6","ENSG00000025800","PAS547_AATAAA_0.15",0.0276963182752618,0.00947974552554941,9.72554138752821,1,0.00181724783854399,0.00901901072577155,0.295504555647815,0.223130488313971,-0.0723740673338433,"chr1",32176562,32176563,"+",0.259317521980893,0,"TUTR","distal pA"
"KPNB1","ENSG00000108424","PAS42976_AATAAA_0.45",5.16802363214274e-08,0.000379742813435126,17.0505432673963,1,3.63979605284606e-05,0.000305578490552812,0.427021200835767,0.35955643938892,-0.0674647614468461,"chr17",47683547,47683548,"+",0.393288820112343,0,"TUTR","distal pA"
"LARP1","ENSG00000155506","PAS15702_AATAAA_0.25",0.106417153822712,NA,6.03055071999552,1,0.014060345764815,0.0482508648305742,0.306040698280791,0.262418962885708,-0.0436217353950831,"chr5",154817600,154817601,"+",0.284229830583249,0,"TUTR","distal pA"
"LASP1","ENSG00000002834","PAS42723_AATAAA_0.05",0.062466903141766,NA,5.00558878457741,1,0.0252656080917042,0.0760715775330952,0.852324645480867,0.890793771916602,0.0384691264357349,"chr17",38921766,38921767,"+",0.871559208698734,0,"TUTR","distal pA"
"LAT","ENSG00000213658","PAS40437_AATAAA_0.45",0.139486038497519,NA,3.29867772412945,1,0.0693356757904856,0.165098837888671,0.555461252158467,0.629154392809829,0.0736931406513618,"chr16",28990781,28990782,"+",0.592307822484148,0,"TUTR","distal pA"
"LAYN","ENSG00000204381","PAS30501_AATAAA_0.3",0.0900709321950268,NA,0.783215222880244,1,0.376159610597956,0.548824421203184,0.698112760335714,0.740259176404668,0.0421464160689548,"chr11",111560956,111560957,"+",0.719185968370191,0,"TUTR","distal pA"
"LDAF1","ENSG00000011638","PAS40357_AATAAA_0.25",0.979812287463041,NA,0.00207513335101339,1,0.963666027406808,0.981310361196526,0.395243692615408,0.391862527600097,-0.00338116501531077,"chr16",21180613,21180614,"+",0.393553110107753,0,"TUTR","distal pA"
"LDHA","ENSG00000134333","PAS29579_AATAAA_0.25",1.39956488579311e-07,6.83853354973634e-09,35.446250724508,1,2.62186580400822e-09,5.4156094773903e-08,0.899361535887388,0.833899826504317,-0.0654617093830703,"chr11",18407845,18407846,"+",0.866630681195853,0,"TUTR","distal pA"
"LIMD1","ENSG00000144791","PAS9535_ATTAAA_0.1",0.329323300083899,NA,1.58667351235999,1,0.207802040624618,0.365126647940609,0.861263860044317,0.802918741498628,-0.0583451185456898,"chr3",45681261,45681262,"+",0.832091300771472,0,"TUTR","distal pA"
"LIMS1","ENSG00000169756","PAS6128_ATTAAA_0.45",0.588654724132772,NA,0.56289864235373,1,0.453094687536489,0.620317850490514,0.138297154139602,0.178447371939006,0.0401502177994039,"chr2",108684835,108684836,"+",0.158372263039304,0,"TUTR","distal pA"
"LMO4","ENSG00000143013","PAS1095_AATAAA_0.45",0.768514696103338,NA,0.767305022272922,1,0.381052058589872,0.553851272023903,0.434376433812013,0.458908127828256,0.0245316940162429,"chr1",87345571,87345572,"+",0.446642280820134,0,"TUTR","distal pA"
"LMO7","ENSG00000136153","PAS35614_AATAAA_0.15",0.760823943749679,NA,0.190205949705273,1,0.662745262640616,0.788515481782217,0.839799421864139,0.863416079516594,0.0236166576524547,"chr13",75858674,75858675,"+",0.851607750690366,0,"TUTR","distal pA"
"LNPEP","ENSG00000113441","PAS15159_AATAAA_0.25",0.246364988501638,NA,2.16572883169863,1,0.141117700964861,0.278828521508616,0.905474756649952,0.833914312159262,-0.0715604444906903,"chr5",97037509,97037510,"+",0.869694534404607,0,"TUTR","distal pA"
"LPIN1","ENSG00000134324","PAS5236_AATAAA_0.35",0.570630497353095,NA,1.405898824818,1,0.235738406517434,0.398501413875211,0.444029402737213,0.399240768674248,-0.0447886340629648,"chr2",11827404,11827405,"+",0.42163508570573,0,"TUTR","distal pA"
"LRCH1","ENSG00000136141","PAS35514_ATTAAA_0.3",0.891481048155189,NA,0.0467527248663373,1,0.828813314899595,0.904280008953503,0.587883619981548,0.569852429963098,-0.0180311900184503,"chr13",46753037,46753038,"+",0.578868024972323,0,"TUTR","distal pA"
"LRP1","ENSG00000123384","PAS32764_APA_0.35",0.393604100902054,NA,1.25043149950397,1,0.263470079222922,0.430666516885804,0.906999619474182,0.930375062805011,0.0233754433308285,"chr12",57213383,57213384,"+",0.918687341139596,0,"TUTR","distal pA"
"LRRC8A","ENSG00000136802","PAS25584_AATAAA_0.2",0.906948359700422,NA,0.0334308466235598,1,0.854922744573676,0.918898957226171,0.647108830733274,0.638450639269677,-0.00865819146359659,"chr9",128918035,128918036,"+",0.642779735001476,0,"TUTR","distal pA"
"LRRFIP1","ENSG00000124831","PAS7175_AATAAA_0.15",0.0564435062888273,NA,0.59992927294843,1,0.438605012926837,0.60770517815342,0.652475768674003,0.679369472141424,0.026893703467421,"chr2",237765912,237765913,"+",0.665922620407713,0,"TUTR","distal pA"
"LYPLAL1","ENSG00000143353","PAS2254_AATAAA_0.25",0.603185936707185,NA,0.521226531863022,1,0.470318946894338,0.635230707438428,0.10636437465025,0.0782572442728692,-0.0281071303773804,"chr1",219212856,219212857,"+",0.0923108094615594,0,"TUTR","distal pA"
"MACF1","ENSG00000127603","PAS676_ATTAAA_0.25",0.322701273094881,NA,1.62391655347528,1,0.202546543751042,0.358555050174441,0.496497215446769,0.462129536045413,-0.034367679401355,"chr1",39486981,39486982,"+",0.479313375746091,0,"TUTR","distal pA"
"MAFF","ENSG00000185022","PAS50995_AATAAA_0.35",0.832911990235219,NA,0.0983158977487619,1,0.753860059580579,0.853428701254838,0.86664212706013,0.849464163244162,-0.0171779638159686,"chr22",38216504,38216505,"+",0.858053145152146,0,"TUTR","distal pA"
"MAK16","ENSG00000198042","PAS22766_AATAAA_0.3",0.135676958572684,NA,3.34904170358868,1,0.0672441496806164,0.161120994254071,0.884920712457032,0.93914187589079,0.0542211634337582,"chr8",33501258,33501259,"+",0.912031294173911,0,"TUTR","distal pA"
"MAN2A2","ENSG00000196547","PAS39019_AATAAA_0.3",0.898603011413432,NA,0.0385993799209245,1,0.844244464623717,0.911865306951231,0.083767416921396,0.0907515826479547,0.00698416572655869,"chr15",90922576,90922577,"+",0.0872594997846753,0,"TUTR","distal pA"
"MAP1B","ENSG00000131711","PAS14937_AATAAA_0.25",0.707694928854843,NA,0.954039434887818,1,0.328693220851999,0.499624446086562,0.310118839511814,0.28203651753117,-0.0280823219806436,"chr5",72209560,72209561,"+",0.296077678521492,0,"TUTR","distal pA"
"MAP3K13","ENSG00000073803","PAS10600_AATAAA_0.1",0.366821737514511,NA,1.37707597973372,1,0.240599842902864,0.403858582713256,0.347103210512825,0.282496216868128,-0.0646069936446972,"chr3",185293077,185293078,"+",0.314799713690476,0,"TUTR","distal pA"
"MAP3K20","ENSG00000091436","PAS6569_AATAAA_0.2",0.519926312018338,NA,0.26982868090272,1,0.603446717723615,0.744283121496161,0.324502887714971,0.352564087133564,0.0280611994185926,"chr2",173227142,173227143,"+",0.338533487424267,0,"TUTR","distal pA"
"MAPK13","ENSG00000156711","PAS17724_AATAAA_0.35",0.628848350163258,NA,0.452360728632812,1,0.501216008754197,0.661828911408946,0.620920176178933,0.660105166185859,0.0391849900069257,"chr6",36144518,36144519,"+",0.640512671182396,0,"TUTR","distal pA"
"MAPK14","ENSG00000112062","PAS17719_AATAAA_0.2",0.397655115323417,NA,0.0572798401390173,1,0.810848098940467,0.892310047485184,0.280476806216913,0.272194702281509,-0.00828210393540418,"chr6",36111234,36111235,"+",0.276335754249211,0,"TUTR","distal pA"
"MAPKAPK3","ENSG00000114738","PAS9640_AATAAA_0.05",0.221583163849015,NA,2.36533863552586,1,0.124056990356854,0.253909030436259,0.791740803572818,0.84285546510103,0.0511146615282116,"chr3",50649290,50649291,"+",0.817298134336924,0,"TUTR","distal pA"
"MAPKAPK5","ENSG00000089022","PAS33283_AATAAA_0.3",0.80516467694328,NA,0.130095354908008,1,0.718333192174887,0.828547228308084,0.0960888995513219,0.11047800670136,0.0143891071500379,"chr12",111897797,111897798,"+",0.103283453126341,0,"TUTR","distal pA"
"MAPKBP1","ENSG00000137802","PAS38397_AATAAA_0.2",0.31191963955902,NA,1.68779058321115,1,0.1938924751535,0.347015893618006,0.490419363768672,0.420249990722485,-0.0701693730461874,"chr15",41827852,41827853,"+",0.455334677245579,0,"TUTR","distal pA"
"MARCKS","ENSG00000277443","PAS18218_AATAAA_0.2",0.000554055533042951,1,0.065048614738771,1,0.798687339763716,0.88336481794081,0.450137638081073,0.455405787054602,0.00526814897352823,"chr6",113861800,113861801,"+",0.452771712567837,0,"TUTR","distal pA"
"MARK2","ENSG00000072518","PAS29954_AATAAA_0.05",0.598165769960441,NA,0.535249417750492,1,0.464408217728986,0.630302892918992,0.194051674774702,0.169406987562819,-0.0246446872118826,"chr11",63911018,63911019,"+",0.18172933116876,0,"TUTR","distal pA"
"MARK3","ENSG00000075413","PAS37197_ATTAAA_0.25",0.299374543407606,NA,4.36757444485556,1,0.0366290958763229,0.10120615863699,0.279657610677269,0.213593483589059,-0.0660641270882102,"chr14",103503826,103503827,"+",0.246625547133164,0,"TUTR","distal pA"
"MARK4","ENSG00000007047","PAS46971_AATAAA_0.3",0.102690571944617,NA,1.51913087069988,1,0.217751065806585,0.377913392816896,0.739228196245234,0.698412502899363,-0.0408156933458711,"chr19",45303668,45303669,"+",0.718820349572298,0,"TUTR","distal pA"
"MAVS","ENSG00000088888","PAS48748_AATAAA_0.1",0.00264723879030751,0.339290460585883,4.0812777092342,1,0.0433608584728726,0.115673401252048,0.169103402279024,0.209994418208145,0.0408910159291203,"chr20",3875450,3875451,"+",0.189548910243584,0,"TUTR","distal pA"
"MAZ","ENSG00000103495","PAS40445_AATAAA_0.15",0.963999584345775,NA,0.00572847847433877,1,0.939668347425144,0.966862038846542,0.784499839351123,0.786279340225808,0.00177950087468504,"chr16",29811163,29811164,"+",0.785389589788466,0,"TUTR","distal pA"
"MBNL1","ENSG00000152601","PAS10329_AATAAA_0.25",0.346609215910927,NA,2.17034027418413,1,0.140695099218492,0.278416260056302,0.625912351663821,0.584698276627478,-0.0412140750363433,"chr3",152465778,152465779,"+",0.60530531414565,0,"TUTR","distal pA"
"MBNL2","ENSG00000139793","PAS35669_AATAAA_0.15",0.119236726524293,NA,3.63185928940129,1,0.0566834584373932,0.141959554396805,0.934302561477202,0.86903048312893,-0.0652720783482726,"chr13",97394118,97394119,"+",0.901666522303066,0,"TUTR","distal pA"
"MCCC2","ENSG00000131844","PAS14930_AATAAA_0.2",0.590449322324656,NA,0.556872624938023,1,0.455523061059562,0.622547617718715,0.856014637749029,0.828250092425515,-0.0277645453235141,"chr5",71658704,71658705,"+",0.842132365087272,0,"TUTR","distal pA"
"MCM4","ENSG00000104738","PAS22893_AATAAA_0.3",0.908458975644521,NA,0.0412154308777417,1,0.839122652280956,0.909731156721826,0.18111366718052,0.171362260259144,-0.00975140692137533,"chr8",47978156,47978157,"+",0.176237963719832,0,"TUTR","distal pA"
"MCM8","ENSG00000125885","PAS48777_AATAAA_0.25",0.777136292436043,NA,0.905711875159796,1,0.341254750357478,0.513559392436899,0.595045162868465,0.634266766513025,0.0392216036445602,"chr20",5994936,5994937,"+",0.614655964690745,0,"TUTR","distal pA"
"MDH1","ENSG00000014641","PAS5722_AATAAA_0.3",0.289743064188866,NA,1.84035316836889,1,0.174909559399787,0.323723239435276,0.828747394866121,0.860351494918808,0.0316041000526875,"chr2",63607193,63607194,"+",0.844549444892464,0,"TUTR","distal pA"
"MERTK","ENSG00000153208","PAS6159_AATAAA_0.35",0.811538640046709,NA,0.123243151055902,1,0.725543306474891,0.834684336716621,0.77173450442712,0.814946725811325,0.0432122213842046,"chr2",112029364,112029365,"+",0.793340615119223,0,"TUTR","distal pA"
"METTL13","ENSG00000010165","PAS1844_ATTAAA_0.25",0.976881745274644,NA,0.00257092644574186,1,0.959561146954172,0.978893791573741,0.23685258332537,0.239816814715118,0.00296423138974855,"chr1",171797711,171797712,"+",0.238334699020244,0,"TUTR","distal pA"
"MFAP3","ENSG00000037749","PAS15688_AATAAA_0.2",0.69011333465445,NA,0.315417474568903,1,0.574374677778735,0.721670144050852,0.785714116916536,0.739376534627281,-0.0463375822892547,"chr5",154057369,154057370,"+",0.762545325771909,0,"TUTR","distal pA"
"MIDN","ENSG00000167470","PAS46022_AATAAA_0.15",0.848147662758361,NA,0.0829298880671558,1,0.773365493492466,0.866362510022942,0.572096025389522,0.565951516227568,-0.00614450916195419,"chr19",1259141,1259142,"+",0.569023770808545,0,"TUTR","distal pA"
"MIEF1","ENSG00000100335","PAS51036_AATAAA_0.1",0.305509230436184,NA,0.197805084546417,1,0.656498382203634,0.784545628280192,0.267496581991558,0.248546295741265,-0.0189502862502935,"chr22",39518130,39518131,"+",0.258021438866412,0,"TUTR","distal pA"
"MIOS","ENSG00000164654","PAS20055_AATAAA_0.4",0.188310800906854,NA,0.659653078169185,1,0.416682446438941,0.586954825233811,0.227805148367775,0.273084618420979,0.0452794700532042,"chr7",7607476,7607477,"+",0.250444883394377,0,"TUTR","distal pA"
"MKRN2","ENSG00000075975","PAS9210_AATAAA_0.25",0.473059839473906,NA,0.106790471495287,1,0.743828149919855,0.847127921948164,0.743269011161807,0.724351935153046,-0.0189170760087609,"chr3",12583708,12583709,"+",0.733810473157426,0,"TUTR","distal pA"
"MLEC","ENSG00000110917","PAS33412_AATAAA_0.15",0.669431153275947,NA,0.735429906653735,1,0.391128786488933,0.563358835929863,0.358527696020551,0.335271080269483,-0.023256615751068,"chr12",120701857,120701858,"+",0.346899388145017,0,"TUTR","distal pA"
"MME","ENSG00000196549","PAS10354_AATAAA_0.15",0.0264867901214383,1,0.682400748133659,1,0.408761259020886,0.579189622429385,0.53089866947211,0.566208754340138,0.035310084868028,"chr3",155183702,155183703,"+",0.548553711906124,0,"TUTR","distal pA"
"MON1B","ENSG00000103111","PAS40907_AATAAA_0.1",0.274817092400641,NA,0.144059788571667,1,0.704277930947764,0.818716896106875,0.544824534362271,0.526034935965999,-0.0187895983962715,"chr16",77202396,77202398,"+",0.535429735164135,0,"TUTR","distal pA"
"MPRIP","ENSG00000133030","PAS42381_AATAAA_0.15",0.318366329924391,NA,2.92255348317303,1,0.0873495361035514,0.198096813056032,0.149089799222653,0.10362686886594,-0.0454629303567128,"chr17",17192639,17192640,"+",0.126358334044296,0,"TUTR","distal pA"
"MRFAP1","ENSG00000179010","PAS12556_AATAAA_0.45",0.615101584872957,NA,0.49047458109635,1,0.483715681053619,0.647057204081065,0.908365601380928,0.918187286298932,0.00982168491800373,"chr4",6642729,6642730,"+",0.91327644383993,0,"TUTR","distal pA"
"MRPL19","ENSG00000115364","PAS5882_AATAAA_0.35",0.224823096635708,NA,1.92208972242952,1,0.165626473560905,0.312588440964184,0.726097593259925,0.772044684538622,0.0459470912786967,"chr2",75655729,75655730,"+",0.749071138899274,0,"TUTR","distal pA"
"MRPL45","ENSG00000278845","PAS42701_APA_0.15",0.850845740525283,NA,0.0396156487986445,1,0.842233956161624,0.910827762946166,0.818604649871365,0.822822045688218,0.00421739581685276,"chr17",38323209,38323210,"+",0.820713347779791,0,"TUTR","distal pA"
"MRPL52","ENSG00000172590","PAS36385_AATAAA_0.2",0.658703161198748,NA,0.382694373247432,1,0.536164769215826,0.690634830531171,0.0849926575279155,0.0959852359527106,0.0109925784247951,"chr14",22835035,22835036,"+",0.090488946740313,0,"TUTR","distal pA"
"MRPL57","ENSG00000173141","PAS35342_AATAAA_0.3",0.34590202977546,NA,1.49643022369492,1,0.221221448329487,0.381848349530656,0.0661431832846042,0.0905859157278434,0.0244427324432391,"chr13",21178003,21178004,"+",0.0783645495062238,0,"TUTR","distal pA"
"MRPS17","ENSG00000239789","PAS20430_AATAAA_0.15",0.818730000983887,NA,0.114374737825528,1,0.735217491496795,0.841088810272333,0.125027730337076,0.115920343422449,-0.00910738691462698,"chr7",55956499,55956500,"+",0.120474036879762,0,"TUTR","distal pA"
"MRPS26","ENSG00000125901","PAS48723_AATAAA_0.3",0.570444025765906,NA,0.61505684415124,1,0.432890147212425,0.602287980933956,0.916605063531069,0.896470122296678,-0.0201349412343914,"chr20",3048248,3048249,"+",0.906537592913873,0,"TUTR","distal pA"
"MRS2","ENSG00000124532","PAS17426_AATAAA_0.45",0.798110835105763,NA,0.139568423743015,1,0.708710434928254,0.822404930419241,0.626994570005003,0.669113447431969,0.0421188774269659,"chr6",24425580,24425581,"+",0.648054008718486,0,"TUTR","distal pA"
"MSANTD3","ENSG00000066697","PAS25278_ATTAAA_0.3",0.0765650530710434,NA,2.54290410149042,1,0.110790842060003,0.234159692663118,0.555565493345641,0.513528127159878,-0.0420373661857627,"chr9",100451731,100451732,"+",0.534546810252759,0,"TUTR","distal pA"
"MSH2","ENSG00000095002","PAS5596_AATAAA_0.3",0.846527169457766,NA,0.0843547949662025,1,0.771480434577956,0.865156402547651,0.819579209244237,0.809321537053207,-0.0102576721910304,"chr2",47483220,47483221,"+",0.814450373148722,0,"TUTR","distal pA"
"MSI2","ENSG00000153944","PAS43117_AATAAA_0.2",0.0355344267492451,1,0.00134604316463083,1,0.970733409302466,0.984318549916475,0.305114396082154,0.302953335515976,-0.00216106056617815,"chr17",57684682,57684683,"+",0.304033865799065,0,"TUTR","distal pA"
"MSRB3","ENSG00000174099","PAS32854_AATAAA_0.1",0.794927875788023,NA,0.596758796210452,1,0.439817371188762,0.608508592221927,0.184383317129525,0.158774926016035,-0.0256083911134897,"chr12",65466905,65466906,"+",0.17157912157278,0,"TUTR","distal pA"
"MSX1","ENSG00000163132","PAS12541_AATAAA_0.35",0.894148606594895,NA,0.0434263411316351,1,0.834924559264661,0.907447865172557,0.473642104324846,0.465466312964696,-0.00817579136014995,"chr4",4863930,4863931,"+",0.469554208644771,0,"TUTR","distal pA"
"MTDH","ENSG00000147649","PAS23202_AATAAA_0.2",0.000140282617527755,6.38397115603267e-05,21.5227522139758,1,3.49655491530724e-06,3.83002265260044e-05,0.343869228604701,0.28320442013477,-0.0606648084699302,"chr8",97726312,97726313,"+",0.313536824369736,0,"TUTR","distal pA"
"MTFR1L","ENSG00000117640","PAS418_ATTAAA_0.2",0.100559202900066,NA,3.99613918297655,1,0.0456046143745464,0.120083136108199,0.919945493526036,0.857188500482836,-0.0627569930432,"chr1",25832935,25832936,"+",0.888566997004436,0,"TUTR","distal pA"
"MTG1","ENSG00000148824","PAS28062_None_0.25",0.262314120516709,NA,2.04265288467695,1,0.152942712223762,0.295391318382714,0.10422342181823,0.0610044665260809,-0.0432189552921489,"chr10",133422519,133422520,"+",0.0826139441721554,0,"TUTR","distal pA"
"MTHFD2","ENSG00000065911","PAS5848_AATAAA_0.3",3.85029801971109e-06,0.0314446178729158,7.54195241268098,1,0.00602786896646008,0.0246204202324372,0.452543692715281,0.397894590907793,-0.0546491018074882,"chr2",74215283,74215284,"+",0.425219141811537,0,"TUTR","distal pA"
"MTO1","ENSG00000135297","PAS18011_ATTAAA_0.25",0.432198645088599,NA,2.20456803776324,1,0.137602433763146,0.273962740293729,0.064516128656987,0.100502512384183,0.0359863837271964,"chr6",73502558,73502559,"+",0.0825093205205852,0,"TUTR","distal pA"
"NAA30","ENSG00000139977","PAS36698_AATAAA_0.1",0.0609773449897781,NA,0.0621904107392766,1,0.803066813383158,0.886370520997035,0.374409487601935,0.364001952537096,-0.0104075350648389,"chr14",57412745,57412746,"+",0.369205720069515,0,"TUTR","distal pA"
"NBEAL1","ENSG00000144426","PAS6841_AATAAA_0.25",0.704384859608577,NA,0.287030219768667,1,0.592129950818224,0.734966334414111,0.778008630809243,0.71837978831427,-0.0596288424949728,"chr2",203225192,203225193,"+",0.748194209561756,0,"TUTR","distal pA"
"NBR1","ENSG00000188554","PAS42857_AATAAA_0.15",0.0105692305885184,1,0.37663103630257,1,0.539411786461996,0.693476148708749,0.385054241289783,0.366728172548371,-0.0183260687414113,"chr17",43211686,43211687,"+",0.375891206919077,0,"TUTR","distal pA"
"NCAPD2","ENSG00000010292","PAS32101_AATAAA_0.25",0.411562734122598,NA,1.16605689905919,1,0.280212925360067,0.44823734452496,0.897218857063101,0.874031007458403,-0.0231878496046984,"chr12",6531953,6531954,"+",0.885624932260752,0,"TUTR","distal pA"
"NCK1","ENSG00000158092","PAS10205_AATAAA_0.1",0.69441787014265,NA,0.304622103866905,1,0.580999181715801,0.725928214274385,0.785228612432643,0.822519494154917,0.0372908817222743,"chr3",136949124,136949125,"+",0.80387405329378,0,"TUTR","distal pA"
"NCOA3","ENSG00000124151","PAS49174_AATAAA_0.45",0.175356749407618,NA,4.19249041425155,1,0.0406034084739755,0.109917236212158,0.516058855914913,0.448342878538924,-0.0677159773759896,"chr20",47656867,47656868,"+",0.482200867226918,0,"TUTR","distal pA"
"NCS1","ENSG00000107130","PAS25623_AATAAA_0.25",0.785405989647058,NA,0.505059650990347,1,0.477285351878514,0.641557099885869,0.428642222246165,0.377533852892517,-0.0511083693536474,"chr9",130236623,130236624,"+",0.403088037569341,0,"TUTR","distal pA"
"NDOR1","ENSG00000188566","PAS25755_AATAAA_0.2",0.880595126545348,NA,0.0544126368881734,1,0.815555507340683,0.894876593428075,0.584414114262495,0.598207481153048,0.0137933668905537,"chr9",137219359,137219360,"+",0.591310797707771,0,"TUTR","distal pA"
"NDUFB5","ENSG00000136521","PAS10516_AATAAA_0.2",0.00136552316240289,0.0136853757742821,7.79230648692555,1,0.00524691711996883,0.0220039099201271,0.931850056220009,0.87615155564343,-0.0556985005765784,"chr3",179624498,179624499,"+",0.90400080593172,0,"TUTR","distal pA"
"NDUFV3","ENSG00000160194","PAS50289_ATTAAA_0.25",0.400153373476154,NA,0.140349634923041,1,0.707933675018157,0.82187000740577,0.125490196441866,0.111111155335654,-0.0143790411062126,"chr21",42911899,42911900,"+",0.11830067588876,0,"TUTR","distal pA"
"NECTIN3","ENSG00000177707","PAS9957_ATTAAA_0.05",0.829911321191946,NA,0.0558996675536036,1,0.813098161730405,0.893652565759946,0.30303130370725,0.324999974733212,0.0219686710259612,"chr3",111135380,111135381,"+",0.314015639220231,0,"TUTR","distal pA"
"NET1","ENSG00000173848","PAS26855_ATTAAA_0.4",0.673451063484538,NA,0.593165916121507,1,0.441197483278143,0.609746401056048,0.9072462075744,0.896910845030802,-0.0103353625435973,"chr10",5458450,5458451,"+",0.902078526302601,0,"TUTR","distal pA"
"NF2","ENSG00000186575","PAS50865_AATAAA_0.25",0.777505466366771,NA,0.166099876781118,1,0.6836014895146,0.804604394271119,0.853543948674378,0.83392239367994,-0.0196215549944383,"chr22",29698593,29698594,"+",0.843733171177159,0,"TUTR","distal pA"
"NFAT5","ENSG00000102908","PAS40804_AATAAA_0.2",0.981392943865941,NA,0.00168389485770604,1,0.967267763822815,0.98236827484294,0.628111856408047,0.625812194722341,-0.0022996616857055,"chr16",69704652,69704653,"+",0.626962025565194,0,"TUTR","distal pA"
"NFE2L1","ENSG00000082641","PAS42990_AATAAA_0.2",0.954059576571517,NA,0.00968105308402301,1,0.921620754890354,0.95917545814773,0.519013048632446,0.516106451196578,-0.00290659743586796,"chr17",48061490,48061491,"+",0.517559749914512,0,"TUTR","distal pA"
"NFIA","ENSG00000162599","PAS925_AATAAA_0.25",0.941130823366594,NA,0.0148992503181944,1,0.902849532053184,0.948783086538649,0.281151496374745,0.274923390651796,-0.00622810572294896,"chr1",61462786,61462787,"+",0.27803744351327,0,"TUTR","distal pA"
"NFIC","ENSG00000141905","PAS46094_AATAAA_0.35",0.0320692783175676,1,0.461052608317914,1,0.497132445784915,0.65884351940107,0.329076133348584,0.312886147679182,-0.0161899856694011,"chr19",3465369,3465370,"+",0.320981140513883,0,"TUTR","distal pA"
"NFIX","ENSG00000008441","PAS46332_AATAAA_0.3",0.845099922653118,NA,0.08561534386007,1,0.76982715106951,0.86389795764639,0.565169974603429,0.59916073370871,0.0339907591052812,"chr19",13098787,13098788,"+",0.58216535415607,0,"TUTR","distal pA"
"NFX1","ENSG00000086102","PAS24910_AATAAA_0.4",0.216864323338043,NA,1.49202993705694,1,0.221901770586413,0.382515265683003,0.512231859447672,0.445243128541403,-0.0669887309062695,"chr9",33348720,33348721,"+",0.478737493994537,0,"TUTR","distal pA"
"NHLRC2","ENSG00000196865","PAS27875_ATTAAA_0.25",0.442172459952192,NA,1.03500614479543,1,0.308985761543616,0.478000482731848,0.814763815723227,0.878398380016019,0.0636345642927922,"chr10",113917189,113917190,"+",0.846581097869623,0,"TUTR","distal pA"
"NIPA1","ENSG00000170113","PAS38187_AATAAA_0.2",0.954836665876503,NA,0.100157236359337,1,0.75164102581765,0.852161061941547,0.642718380251728,0.66412460485769,0.021406224605962,"chr15",22829786,22829787,"+",0.653421492554709,0,"TUTR","distal pA"
"NIPA2","ENSG00000140157","PAS38191_AATAAA_0.35",0.0449790498757039,1,0.581799790319565,1,0.44560772405444,0.613813201346505,0.623405674236048,0.657996999517397,0.0345913252813488,"chr15",22867718,22867719,"+",0.640701336876722,0,"TUTR","distal pA"
"NIPBL","ENSG00000164190","PAS14720_AATAAA_0.1",0.661861938367716,NA,1.49998789271922,1,0.220673224832018,0.381330607570203,0.478680300624226,0.428526442122832,-0.050153858501394,"chr5",37065502,37065503,"+",0.453603371373529,0,"TUTR","distal pA"
"NLN","ENSG00000123213","PAS14875_AATAAA_0.4",0.974475703285721,NA,0.0444558520507599,1,0.833007782381581,0.906348684960829,0.587944920293504,0.570018322282594,-0.0179265980109096,"chr5",65824682,65824683,"+",0.578981621288049,0,"TUTR","distal pA"
"NOL3","ENSG00000140939","PAS40717_APA_0.35",0.222781312192083,NA,2.35460306509549,1,0.124913676923867,0.255060674377887,0.693616090429758,0.622194115554143,-0.0714219748756152,"chr16",67175720,67175721,"+",0.657905102991951,0,"TUTR","distal pA"
"NOLC1","ENSG00000166197","PAS27736_AATAAA_0.15",0.550060223906894,NA,0.670959513510752,1,0.412717276886337,0.583537759900081,0.871762620851852,0.891848340559588,0.0200857197077369,"chr10",102163869,102163870,"+",0.88180548070572,0,"TUTR","distal pA"
"NOM1","ENSG00000146909","PAS21180_AATAAA_0.35",0.863201486607171,NA,0.0688772390792707,1,0.792978587196074,0.879188068090868,0.338705521659745,0.301847989964696,-0.0368575316950489,"chr7",156973173,156973174,"+",0.320276755812221,0,"TUTR","distal pA"
"NPEPPS","ENSG00000141279","PAS42972_AATAAA_0.3",0.121096472963378,NA,5.24579135386011,1,0.0219999198608022,0.0682931672587355,0.160756203477495,0.131098794454096,-0.0296574090233983,"chr17",47623268,47623269,"+",0.145927498965796,0,"TUTR","distal pA"
"NR2F1","ENSG00000175745","PAS15119_AATAAA_0.25",0.740064801621934,NA,0.222353759248563,1,0.637252294763318,0.769754396338536,0.358103859061865,0.316828267553107,-0.0412755915087578,"chr5",93594606,93594607,"+",0.337466063307486,0,"TUTR","distal pA"
"NSUN4","ENSG00000117481","PAS815_AATAAA_0.15",0.924355210523428,NA,0.022901644987428,1,0.879713121950685,0.933689219517617,0.527662323337705,0.514536496202062,-0.0131258271356428,"chr1",46365017,46365018,"+",0.521099409769883,0,"TUTR","distal pA"
"NT5DC1","ENSG00000178425","PAS18226_AATAAA_0.25",0.245717860345046,NA,2.17089328427369,1,0.140644515808679,0.278358491896325,0.181129779509452,0.11955744049831,-0.0615723390111413,"chr6",116245688,116245689,"+",0.150343610003881,0,"TUTR","distal pA"
"NUB1","ENSG00000013374","PAS21144_AATAAA_0.4",0.0957473368545732,NA,0.4396092314405,1,0.507311123011547,0.667034418889488,0.684056357373899,0.720877606673212,0.0368212492993134,"chr7",151378443,151378444,"+",0.702466982023556,0,"TUTR","distal pA"
"NUDT16","ENSG00000198585","PAS10154_AATAAA_0.4",0.661066002862229,NA,0.0567967788658734,1,0.811632330408358,0.892795563449194,0.284877628722552,0.27085608820188,-0.0140215405206717,"chr3",131388805,131388806,"+",0.277866858462216,0,"TUTR","distal pA"
"NUP42","ENSG00000136243","PAS20149_AATAAA_0.25",0.288295828634062,NA,1.85196685658229,1,0.173554810479329,0.32216220155378,0.818930142942657,0.876762977985246,0.0578328350425891,"chr7",23201004,23201005,"+",0.847846560463951,0,"TUTR","distal pA"
"NUSAP1","ENSG00000137804","PAS38366_AATAAA_0.3",0.347808839223811,NA,2.50116709804388,1,0.113761964158484,0.238756581913923,0.48629097783619,0.539466286853613,0.0531753090174236,"chr15",41381044,41381045,"+",0.512878632344901,0,"TUTR","distal pA"
"NUTF2","ENSG00000102898","PAS40738_AATAAA_0.15",0.409336977469519,NA,1.17635243741825,1,0.278099819695082,0.446063472660188,0.0926133451238926,0.111806831925922,0.0191934868020296,"chr16",67872563,67872564,"+",0.102210088524907,0,"TUTR","distal pA"
"OGFOD1","ENSG00000087263","PAS40612_ATTAAA_0.05",0.812335683685071,NA,0.121158923944449,1,0.72778092645544,0.835753688620984,0.623312076265697,0.598559891713567,-0.0247521845521299,"chr16",56477493,56477494,"+",0.610935983989632,0,"TUTR","distal pA"
"OGFOD2","ENSG00000111325","PAS33519_APA_0.05",0.714447028046631,NA,0.26875930305323,1,0.604165259011481,0.744860494127561,0.407836292106065,0.436559888826497,0.028723596720432,"chr12",122980040,122980041,"+",0.422198090466281,0,"TUTR","distal pA"
"OSBPL6","ENSG00000079156","PAS6629_AATAAA_0.2",0.267820982946266,NA,0.476397398270933,1,0.490058694766233,0.652792895382639,0.21191045994509,0.161273238446939,-0.050637221498151,"chr2",178396153,178396154,"+",0.186591849196014,0,"TUTR","distal pA"
"OSBPL9","ENSG00000117859","PAS848_ATTAAA_0.4",0.458624906203269,NA,0.975092902799361,1,0.323413299631503,0.493901877338229,0.788683723264861,0.738321500896738,-0.0503622223681237,"chr1",51788396,51788397,"+",0.7635026120808,0,"TUTR","distal pA"
"OSTC","ENSG00000198856","PAS13139_AATAAA_0.25",0.871683815032781,NA,0.0613291114700587,1,0.804407425470384,0.88732337269188,0.681710563536445,0.693884337576702,0.0121737740402568,"chr4",108667817,108667818,"+",0.687797450556574,0,"TUTR","distal pA"
"OSTF1","ENSG00000134996","PAS25074_AATAAA_0.05",0.994369494418306,NA,0.000252688101454623,1,0.987317228506152,0.993501321879876,0.883118025267394,0.88236403390352,-0.000753991363873663,"chr9",75147196,75147197,"+",0.882741029585457,0,"TUTR","distal pA"
"OTUB1","ENSG00000167770","PAS29962_AATAAA_0",0.577760538366836,NA,0.591559034322927,1,0.441816882280522,0.609947282953154,0.443103409276758,0.482915076705515,0.0398116674287572,"chr11",63998411,63998412,"+",0.463009242991137,0,"TUTR","distal pA"
"PA2G4","ENSG00000170515","PAS32721_AATAAA_0.2",0.264843565032593,NA,2.02109349150123,1,0.155127394787552,0.297959083154304,0.201742915956545,0.179090477693376,-0.0226524382631691,"chr12",56113904,56113905,"+",0.190416696824961,0,"TUTR","distal pA"
"PAFAH1B2","ENSG00000168092","PAS30556_APA_0.1",0.17055718775542,NA,5.59123908960828,1,0.0180505231007191,0.0586186392349711,0.35241282378524,0.306491336951896,-0.0459214868333438,"chr11",117171042,117171043,"+",0.329452080368568,0,"TUTR","distal pA"
"PALM2AKAP2","ENSG00000157654","PAS25351_ATTAAA_0.25",0.359587937857056,NA,0.425006391655188,1,0.514449464352864,0.672749560810353,0.422805340914773,0.404681135843971,-0.0181242050708024,"chr9",110172508,110172509,"+",0.413743238379372,0,"TUTR","distal pA"
"PALS1","ENSG00000072415","PAS36826_AATAAA_0.45",0.218430327069967,NA,2.24215201780271,1,0.134293961797532,0.268939262060831,0.654046015084289,0.579928150616413,-0.0741178644678755,"chr14",67335810,67335811,"+",0.616987082850351,0,"TUTR","distal pA"
"PALS2","ENSG00000105926","PAS20175_AATAAA_0.3",0.477745707182721,NA,-0.000184425544830447,1,1,1,0.124525130802487,0.125126648185729,0.000601517383242767,"chr7",24694190,24694191,"+",0.124825889494108,0,"TUTR","distal pA"
"PAPOLG","ENSG00000115421","PAS5686_AATAAA_0.25",0.775519251513762,NA,0.168587890229901,1,0.68136985552273,0.802776453591424,0.210972939509736,0.24643824479517,0.0354653052854333,"chr2",60802084,60802085,"+",0.228705592152453,0,"TUTR","distal pA"
"PARVB","ENSG00000188677","PAS51131_AATAAA_0.45",0.440934674825773,NA,0.922275010180328,1,0.336878337073551,0.508207489025982,0.769427458041983,0.811192524694502,0.0417650666525191,"chr22",44169220,44169221,"+",0.790309991368242,0,"TUTR","distal pA"
"PAX9","ENSG00000198807","PAS36516_APA_0.35",0.979710912753446,NA,0.00211003532416498,1,0.963361961349663,0.981155921035363,0.593631426720789,0.588004548390745,-0.00562687833004416,"chr14",36677752,36677753,"+",0.590817987555767,0,"TUTR","distal pA"
"PBX1","ENSG00000185630","PAS1777_AATAAA_0.25",0.941769455929868,NA,0.0145213193624727,1,0.904083564957423,0.949255376508181,0.571732596966514,0.557085257334614,-0.0146473396318999,"chr1",164851829,164851830,"+",0.564408927150564,0,"TUTR","distal pA"
"PCYOX1","ENSG00000116005","PAS5807_AATAAA_0.05",0.0128412339542474,0.452087055178648,1.8539185684067,1,0.173328328622936,0.322095446143757,0.555883126192199,0.489479472693851,-0.066403653498348,"chr2",70281183,70281184,"+",0.522681299443025,1,"TUTR","distal pA"
"PDCD11","ENSG00000148843","PAS27778_ATTAAA_0.25",0.926571316587061,NA,0.0210805694941882,1,0.884559682761691,0.936092488907211,0.611624088785676,0.605571048861982,-0.00605303992369399,"chr10",103446292,103446293,"+",0.608597568823829,0,"TUTR","distal pA"
"PDE4A","ENSG00000065989","PAS46247_ATTAAA_0.1",0.975667884676436,NA,0.00280829538723992,1,0.957737204374476,0.977416221514003,0.434379241210674,0.431449513966525,-0.00292972724414908,"chr19",10469628,10469629,"+",0.432914377588599,0,"TUTR","distal pA"
"PDK2","ENSG00000005882","PAS43040_AATAAA_0.25",0.565180043665757,NA,0.629979366739235,1,0.427362882413093,0.597023423386106,0.202900283804509,0.263634565894703,0.0607342820901947,"chr17",50111367,50111368,"+",0.233267424849606,0,"TUTR","distal pA"
"PDP1","ENSG00000164951","PAS23141_ATTAAA_0.1",0.0792145500824205,NA,3.70147624631863,1,0.0543643486517272,0.137447691666005,0.797233734620082,0.751145298494967,-0.0460884361251145,"chr8",93926065,93926066,"+",0.774189516557524,0,"TUTR","distal pA"
"PDXK","ENSG00000160209","PAS50303_AATAAA_0.15",0.810054797522248,NA,0.226435869552006,1,0.634179263933857,0.767202904315127,0.146486524847056,0.159007492132225,0.0125209672851693,"chr21",43762295,43762296,"+",0.152747008489641,0,"TUTR","distal pA"
"PEA15","ENSG00000162734","PAS1710_AATAAA_0.45",8.31364671249684e-06,0,23.9136330598412,1,1.00755710053604e-06,1.26435299414422e-05,0.888544455991574,0.950174719387414,0.061630263395841,"chr1",160215369,160215370,"+",0.919359587689494,0,"TUTR","distal pA"
"PEBP1","ENSG00000089220","PAS33360_AATAAA_0.3",0.0644537447469222,NA,4.94164294382063,1,0.0262171051849183,0.0784463531320629,0.424103239249577,0.390732845897738,-0.0333703933518385,"chr12",118145581,118145582,"+",0.407418042573657,0,"TUTR","distal pA"
"PEX26","ENSG00000215193","PAS50689_AATAAA_0.25",0.760289211852938,NA,0.634997292348999,1,0.425528177352353,0.595318234025382,0.651291226150393,0.699008778062318,0.0477175519119255,"chr22",18092982,18092983,"+",0.675150002106355,0,"TUTR","distal pA"
"PGAM5","ENSG00000247077","PAS33662_AATAAA_0.35",0.289051391459345,NA,1.84547040668804,1,0.174311133230694,0.322891213769934,0.888175274574949,0.846054148527141,-0.0421211260478079,"chr12",132722729,132722730,"+",0.867114711551045,0,"TUTR","distal pA"
"PGD","ENSG00000142657","PAS171_ATTAAA_0.15",0.761502534878027,NA,0.189305563153539,1,0.663495220731231,0.78906344849762,0.0990746717989368,0.106513871278744,0.00743919947980742,"chr1",10420509,10420510,"+",0.102794271538841,0,"TUTR","distal pA"
"PGM2","ENSG00000169299","PAS12699_APA_0.05",0.414878367208771,NA,1.15360924749916,1,0.282794880339602,0.451348009030428,0.19011474044008,0.139475599141421,-0.0506391412986592,"chr4",37862936,37862937,"+",0.164795169790751,0,"TUTR","distal pA"
"PHAF1","ENSG00000125149","PAS40712_AATAAA_0.2",0.942046520536192,NA,0.0141535901294105,1,0.905300025053905,0.949900760041235,0.591666894908077,0.578757599473576,-0.0129092954345013,"chr16",67148495,67148496,"+",0.585212247190827,0,"TUTR","distal pA"
"PHF20","ENSG00000025293","PAS49031_AATAAA_0.2",0.394134226459375,NA,5.0702515684643,1,0.0243398510650634,0.0739342861600537,0.34309526100088,0.278707675397555,-0.0643875856033256,"chr20",35950368,35950369,"+",0.310901468199217,0,"TUTR","distal pA"
"PHKB","ENSG00000102893","PAS40550_ATTAAA_0.4",0.381760485239247,NA,0.55755015462637,1,0.45524900998011,0.62241598727371,0.338384212387373,0.374999972718638,0.0366157603312648,"chr16",47700459,47700460,"+",0.356692092553006,0,"TUTR","distal pA"
"PHLDB2","ENSG00000144824","PAS9978_AATAAA_0.25",0.00970392042882883,0.00409585853694083,9.99420577595447,1,0.00157033541737531,0.00803253725876766,0.812457288636172,0.757902165063413,-0.0545551235727588,"chr3",111976287,111976288,"+",0.785179726849792,0,"TUTR","distal pA"
"PI4K2A","ENSG00000155252","PAS27659_AATAAA_0.45",0.791601590345927,NA,0.0405319692290504,1,0.840444040796665,0.910102213771074,0.0753036559902589,0.0814821326814757,0.00617847669121685,"chr10",97676429,97676430,"+",0.0783928943358673,0,"TUTR","distal pA"
"PIK3C3","ENSG00000078142","PAS45342_AATAAA_0.35",0.486147953517138,NA,0.87508304774201,1,0.349551939043299,0.521821656851032,0.0934071970080492,0.058077040637828,-0.0353301563702212,"chr18",42087826,42087827,"+",0.0757421188229386,0,"TUTR","distal pA"
"PIK3CA","ENSG00000121879","PAS10502_ATTAAA_0.3",0.6529724588442,NA,0.0462086335476215,1,0.829796996157735,0.904807529776208,0.22205858972142,0.234970394005924,0.012911804284504,"chr3",179240091,179240092,"+",0.228514491863672,0,"TUTR","distal pA"
"PKN2","ENSG00000065243","PAS1102_AATAAA_0.2",0.898133294114568,NA,0.315037815449614,1,0.574605108810348,0.721750606269214,0.297964273465564,0.318366318034766,0.020402044569202,"chr1",88835920,88835921,"+",0.308165295750165,0,"TUTR","distal pA"
"PKP1","ENSG00000081277","PAS2043_AATAAA_0.25",0.353341340303559,NA,1.44941663169061,1,0.228621581949003,0.389934002583242,0.92482780714334,0.886042153390735,-0.0387856537526048,"chr1",201332986,201332987,"+",0.905434980267038,0,"TUTR","distal pA"
"PLBD2","ENSG00000151176","PAS33314_AATAAA_0.3",0.0417436637673954,0,5.87170776355106,1,0.0153861188729637,0.0517764584675138,0.946733330610516,0.893228853616231,-0.0535044769942852,"chr12",113391553,113391554,"+",0.919981092113373,0,"TUTR","distal pA"
"PLCL2","ENSG00000154822","PAS9272_ATTAAA_0.3",0.957910592628004,NA,0.00790855100876797,1,0.929137514153615,0.962987197498564,0.662672434378389,0.670965008962942,0.0082925745845529,"chr3",17090593,17090594,"+",0.666818721670665,0,"TUTR","distal pA"
"PM20D2","ENSG00000146281","PAS18124_AATAAA_0.15",0.144485914100256,NA,0.126461388568259,1,0.722129582306462,0.832115334323364,0.358422937801581,0.375881989459906,0.0174590516583248,"chr6",89165563,89165564,"+",0.367152463630744,0,"TUTR","distal pA"
"PMAIP1","ENSG00000141682","PAS45452_ATTAAA_0.1",0.0192998961687212,0.0615722334719253,6.34018285619641,1,0.0118032712892573,0.0420005384979778,0.338037520306178,0.281117734286882,-0.0569197860192964,"chr18",59904304,59904305,"+",0.30957762729653,0,"TUTR","distal pA"
"PNPO","ENSG00000108439","PAS42987_AATAAA_0.2",0.917522355588286,NA,0.0265220531125578,1,0.870631872250962,0.92806875410039,0.382177091582676,0.392833993902912,0.010656902320236,"chr17",47949306,47949307,"+",0.387505542742794,0,"TUTR","distal pA"
"PNRC1","ENSG00000146278","PAS18118_APA_0.3",0.727116942424111,NA,0.244030079924414,1,0.621310411253787,0.757427667958517,0.909690979551459,0.921999421966963,0.0123084424155039,"chr6",89084833,89084834,"+",0.915845200759211,0,"TUTR","distal pA"
"POLR1B","ENSG00000125630","PAS6176_AATAAA_0.15",0.0794890120459933,NA,1.39225974386909,1,0.238023853429196,0.401345657427272,0.577753423623387,0.628578803503335,0.0508253798799485,"chr2",112576294,112576295,"+",0.603166113563361,0,"TUTR","distal pA"
"PPHLN1","ENSG00000134283","PAS32482_AATAAA_0.3",0.696703026979958,NA,0.913581427799727,1,0.339165942948343,0.511006879192634,0.363685816398889,0.334108530834983,-0.0295772855639062,"chr12",42441954,42441955,"+",0.348897173616936,0,"TUTR","distal pA"
"PPIF","ENSG00000108179","PAS27453_ATTAAA_0.35",0.373411352376651,NA,1.34111271555594,1,0.2468378338927,0.410859648560464,0.259258894030449,0.310875170755202,0.0516162767247533,"chr10",79355330,79355331,"+",0.285067032392826,0,"TUTR","distal pA"
"PPP1CB","ENSG00000213639","PAS5393_AATAAA_0.35",0.582381266764439,NA,1.52383561083388,1,0.21703997249593,0.377031259122886,0.200321659030661,0.236587444258743,0.0362657852280819,"chr2",28801648,28801649,"+",0.218454551644702,0,"TUTR","distal pA"
"PPP2R2D","ENSG00000175470","PAS28031_AATAAA_0.35",8.62410559288808e-08,1,0.0673601869493723,1,0.795219849106519,0.881072447545605,0.540206051180037,0.531615917106119,-0.00859013407391873,"chr10",131956546,131956547,"+",0.535910984143078,0,"TUTR","distal pA"
"PRDX6","ENSG00000117592","PAS1856_AATAAA_0.2",2.9417478747378e-05,0,21.2605564008409,1,4.00896419561653e-06,4.3365462242359e-05,0.258673512456343,0.195133844042093,-0.0635396684142501,"chr1",173488805,173488806,"+",0.226903678249218,0,"TUTR","distal pA"
"PRMT3","ENSG00000185238","PAS29594_AATAAA_0.45",0.622356910403535,NA,0.472012729681978,1,0.492062673175368,0.654524334665344,0.857166361625395,0.807050506740405,-0.0501158548849897,"chr11",20509266,20509267,"+",0.8321084341829,0,"TUTR","distal pA"
"PRPF38A","ENSG00000134748","PAS862_ATTAAA_0.2",0.0733025812582431,NA,1.6606497938028,1,0.197515612845911,0.352173143054982,0.313877973401527,0.371803522995809,0.0579255495942821,"chr1",52418177,52418178,"+",0.342840748198668,0,"TUTR","distal pA"
"PRSS23","ENSG00000150687","PAS30370_AATAAA_0.25",0.319502385651663,NA,1.64476948798529,1,0.199672329456066,0.355012436563983,0.134036266981476,0.0898252400840457,-0.0442110268974307,"chr11",86811228,86811229,"+",0.111930753532761,0,"TUTR","distal pA"
"PRXL2A","ENSG00000122378","PAS27471_AATAAA_0.15",0.504029134547896,NA,0.817120201926173,1,0.366023498738026,0.538599530439277,0.308465961802487,0.345193333313869,0.0367273715113816,"chr10",80437112,80437113,"+",0.326829647558178,0,"TUTR","distal pA"
"PSEN1","ENSG00000080815","PAS36918_AATAAA_0.1",0.369593922294821,NA,1.714127038686,1,0.190450782697245,0.343069772319941,0.227247847268671,0.165357447095089,-0.0618904001735823,"chr14",73223689,73223690,"+",0.19630264718188,0,"TUTR","distal pA"
"PSMD7","ENSG00000103035","PAS40875_ATTAAA_0.15",0.408128440555154,NA,1.18331175219646,1,0.276682818482322,0.444667595024139,0.223493326626544,0.204237233260178,-0.0192560933663656,"chr16",74306285,74306286,"+",0.213865279943361,0,"TUTR","distal pA"
"PSMD8","ENSG00000099341","PAS46773_AATAAA_0.4",0.00198069254253902,0,12.3321298212795,1,0.000445228135452374,0.0027599164348736,0.235554616212542,0.179580931690194,-0.0559736845223483,"chr19",38383822,38383823,"+",0.207567773951368,0,"TUTR","distal pA"
"PTER","ENSG00000165983","PAS26994_APA_0.35",0.124540791242741,NA,0.00453328328148928,1,0.946319264210734,0.970884917365682,0.447132494884211,0.445278873037341,-0.00185362184686938,"chr10",16513016,16513017,"+",0.446205683960776,0,"TUTR","distal pA"
"PTGFRN","ENSG00000134247","PAS1404_ATTAAA_0.3",0.237129968150723,NA,2.23606068442314,1,0.1348240763494,0.269672380638907,0.749935610403193,0.688791963627004,-0.0611436467761891,"chr1",116990349,116990350,"+",0.719363787015098,0,"TUTR","distal pA"
"PTMS","ENSG00000159335","PAS32114_AATAAA_0.1",0.57419518468469,NA,0.603373343323938,1,0.437293829637839,0.606340394787129,0.902659325345236,0.868609077668448,-0.0340502476767884,"chr12",6770949,6770950,"+",0.885634201506842,0,"TUTR","distal pA"
"PTP4A1","ENSG00000112245","PAS17966_ATTAAA_0.4",0.000151798842333562,1,0.550026543409331,1,0.458306848714424,0.625488417285999,0.214543320454971,0.231248623801709,0.0167053033467381,"chr6",63583376,63583377,"+",0.22289597212834,0,"TUTR","distal pA"
"PTPRA","ENSG00000132670","PAS48721_AATAAA_0.2",0.858349660178797,NA,0.0728422324879148,1,0.787242571121627,0.875467465891173,0.537268233946935,0.516542115380524,-0.0207261185664109,"chr20",3038667,3038668,"+",0.52690517466373,0,"TUTR","distal pA"
"PTPRE","ENSG00000132334","PAS28006_APA_0.05",0.699344302717074,NA,0.295026308057402,1,0.587017412209743,0.730222501203077,0.522213592725665,0.582546572319819,0.0603329795941533,"chr10",128085853,128085854,"+",0.552380082522742,0,"TUTR","distal pA"
"PTPRF","ENSG00000142949","PAS756_AATAAA_0.3",0.00134525537053576,0.0159318368035836,7.51810184631177,1,0.00610820109407314,0.0248704695986151,0.326687617194263,0.267926394858013,-0.0587612223362508,"chr1",43623662,43623663,"+",0.297307006026138,0,"TUTR","distal pA"
"PWP1","ENSG00000136045","PAS33212_ATTAAA_0.15",0.482667829952373,NA,2.10303284559177,1,0.147007291384233,0.287151888739572,0.13296499769491,0.10090502783395,-0.0320599698609598,"chr12",107713160,107713161,"+",0.11693501276443,0,"TUTR","distal pA"
"PWWP3A","ENSG00000160953","PAS46032_ATTAAA_0",0.511378028476627,NA,0.790841863802143,1,0.373845685732224,0.546171807133867,0.317234771504594,0.257710054836057,-0.0595247166685374,"chr19",1378427,1378428,"+",0.287472413170325,0,"TUTR","distal pA"
"QPCT","ENSG00000115828","PAS5494_ATTAAA_0.1",0.920144441885974,NA,0.0251927547915329,1,0.873887702108227,0.93036049336049,0.877891777876042,0.871583921003651,-0.00630785687239044,"chr2",37373320,37373321,"+",0.874737849439847,0,"TUTR","distal pA"
"RAB5A","ENSG00000144566","PAS9284_AATAAA_0.15",0.0431110756773423,1,0.00164839757235313,1,0.967614415272259,0.982562919316065,0.813013928536391,0.811885094846,-0.00112883369039096,"chr3",19985172,19985173,"+",0.812449511691196,0,"TUTR","distal pA"
"RAB7A","ENSG00000075785","PAS10116_AATAAA_0.2",0.00959371106654779,0.0295384011735182,8.38900864557218,1,0.00377496741461038,0.0166239089564551,0.534119151665261,0.461999176969752,-0.0721199746955086,"chr3",128814795,128814796,"+",0.498059164317506,0,"TUTR","distal pA"
"RAB8A","ENSG00000167461","PAS46399_None_0.25",0.553479796285053,NA,0.661152684529725,1,0.416153297039854,0.586590430500393,0.0913036069552258,0.0628601103429515,-0.0284434966122743,"chr19",16134229,16134230,"+",0.0770818586490886,0,"TUTR","distal pA"
"RAC1","ENSG00000136238","PAS20032_AATAAA_0.25",0.147786651543049,NA,1.70801091734029,1,0.191243647307079,0.343881541889113,0.515824170574185,0.536322451838211,0.0204982812640261,"chr7",6403965,6403966,"+",0.526073311206198,0,"TUTR","distal pA"
"RAD23A","ENSG00000179262","PAS46330_AATAAA_0.1",0.977305941864414,NA,0.00249256482311466,1,0.96018168257217,0.979373274440481,0.734226111388618,0.735461148859623,0.00123503747100528,"chr19",12953640,12953641,"+",0.73484363012412,0,"TUTR","distal pA"
"RAD50","ENSG00000113522","PAS15367_APA_0.3",0.0331930358811094,0.303885017517657,5.46347021964357,1,0.0194180455499045,0.0620243070056229,0.193912119009832,0.257853326714792,0.06394120770496,"chr5",132618113,132618114,"+",0.225882722862312,0,"TUTR","distal pA"
"RAI14","ENSG00000039560","PAS14697_AATAAA_0.1",0.000607670796925942,0.23246506108563,2.89008625086944,1,0.0891261539998721,0.201045188972727,0.869132839598214,0.817292495792425,-0.0518403438057895,"chr5",34832610,34832611,"+",0.84321266769532,0,"TUTR","distal pA"
"RALGPS2","ENSG00000116191","PAS1895_APA_0.2",0.590200143345161,NA,0.11363298337892,1,0.736045348719118,0.8416959826203,0.445219302485148,0.463695432943396,0.0184761304582474,"chr1",178920099,178920100,"+",0.454457367714272,0,"TUTR","distal pA"
"RAP1GDS1","ENSG00000138698","PAS13076_AATAAA_0.25",0.990879009941371,NA,0.00568885449320078,1,0.939876970275,0.967000238313455,0.317308208954072,0.321428418129982,0.00412020917590972,"chr4",98443856,98443857,"+",0.319368313542027,0,"TUTR","distal pA"
"RASSF8","ENSG00000123094","PAS32340_AATAAA_0.2",0.573875938543734,NA,0.862890067419357,1,0.352931188624668,0.525479812079268,0.537600233729995,0.515413747828572,-0.0221864859014226,"chr12",26072867,26072868,"+",0.526506990779283,0,"TUTR","distal pA"
"RBAK","ENSG00000146587","PAS19995_AATAAA_0.35",0.523812402683018,NA,0.751083466915475,1,0.386133415406633,0.558864879845013,0.46747106039345,0.409136785698426,-0.0583342746950242,"chr7",5069483,5069484,"+",0.438303923045938,0,"TUTR","distal pA"
"RBM17","ENSG00000134453","PAS26881_AATAAA_0.15",0.0228501057380232,0,7.17267927098692,1,0.00740221406156654,0.0291012119586602,0.121064095502517,0.0733867676396265,-0.0476773278628905,"chr10",6116830,6116831,"+",0.0972254315710717,0,"TUTR","distal pA"
"RBM25","ENSG00000119707","PAS36910_APA_0.3",9.03958779061096e-09,1,0.22782739300601,1,0.633139484136984,0.766565324439391,0.476070858788263,0.469510539454753,-0.0065603193335107,"chr14",73106063,73106064,"+",0.472790699121508,0,"TUTR","distal pA"
"RBM33","ENSG00000184863","PAS21172_AATAAA_0.1",0.631080116637105,NA,0.446403319235969,1,0.50404792795244,0.663816990835452,0.50271674913059,0.558294682696164,0.0555779335655744,"chr7",155781478,155781479,"+",0.530505715913377,0,"TUTR","distal pA"
"RBPJ","ENSG00000168214","PAS12670_AATAAA_0.3",0.500715743237964,NA,0.613825878128409,1,0.433350925225364,0.602542535522776,0.206896611582036,0.190656445844294,-0.0162401657377422,"chr4",26434918,26434919,"+",0.198776528713165,0,"TUTR","distal pA"
"RCCD1","ENSG00000166965","PAS39022_AATAAA_0.35",0.245716244141846,NA,2.17200732568404,1,0.140542677301462,0.278241573060083,0.160532524849629,0.101009493917714,-0.0595230309319153,"chr15",90963122,90963123,"+",0.130771009383672,0,"TUTR","distal pA"
"RCL1","ENSG00000120158","PAS24788_ATTAAA_0.35",0.611107157178727,NA,0.500165972361856,1,0.479427204453315,0.643439171983394,0.276271454019628,0.218574292422413,-0.0576971615972146,"chr9",4861064,4861065,"+",0.24742287322102,0,"TUTR","distal pA"
"RELCH","ENSG00000134444","PAS45455_AATAAA_0.1",0.65085707771261,NA,0.399833560117145,1,0.527175225856918,0.683280001402,0.734404125431654,0.67239370665321,-0.0620104187784448,"chr18",62307111,62307112,"+",0.703398916042432,0,"TUTR","distal pA"
"REXO2","ENSG00000076043","PAS30546_AATAAA_0.25",0.958294305580713,NA,0.00769192537336494,1,0.930112240501498,0.963198359513449,0.651730104562708,0.65507131455773,0.00334120999502152,"chr11",114450275,114450276,"+",0.653400709560219,0,"TUTR","distal pA"
"RHPN1","ENSG00000158106","PAS23536_AATAAA_0.3",0.138343925367634,NA,3.31356605713336,1,0.0687102391114596,0.163967133553275,0.241180039574442,0.181502066215152,-0.0596779733592897,"chr8",143384217,143384218,"+",0.211341052894797,0,"TUTR","distal pA"
"RIF1","ENSG00000080345","PAS6399_AATAAA_0.2",0.894148606594895,NA,0.325689317102388,1,0.568208467439633,0.716551680084499,0.512925099116591,0.5489677963238,0.0360426972072089,"chr2",151482168,151482169,"+",0.530946447720195,0,"TUTR","distal pA"
"RIOK3","ENSG00000101782","PAS45265_ATTAAA_0.2",0.966342680809035,NA,0.00511937751070946,1,0.942960171224221,0.968870170401957,0.867424849388174,0.865370451964579,-0.00205439742359514,"chr18",23483132,23483133,"+",0.866397650676377,0,"TUTR","distal pA"
"RIPK2","ENSG00000104312","PAS23104_AATAAA_0.1",0.202689284842032,NA,2.54980374498564,1,0.110307956644318,0.2338126333829,0.196736474786026,0.145639337344316,-0.05109713744171,"chr8",89791056,89791057,"+",0.171187906065171,0,"TUTR","distal pA"
"RMND5B","ENSG00000145916","PAS15882_APA_0.15",0.699044318018962,NA,0.295884611179929,1,0.586473977278176,0.729685999265969,0.742972419665051,0.694799278691219,-0.048173140973832,"chr5",178148564,178148565,"+",0.718885849178135,0,"TUTR","distal pA"
"RNASEH2B","ENSG00000136104","PAS35547_AATAAA_0.15",0.601443360701695,NA,0.119604754591819,1,0.729463560956722,0.836786787617228,0.615682989978029,0.63064542004039,0.0149624300623605,"chr13",50956501,50956502,"+",0.623164205009209,0,"TUTR","distal pA"
"RNF10","ENSG00000022840","PAS33408_AATAAA_0.1",0.0157326469062772,0.0503076373321373,6.69952291889058,1,0.00964387123659452,0.0359174860909572,0.0651359866583111,0.0982097689977057,0.0330737823393946,"chr12",120577586,120577587,"+",0.0816728778280084,0,"TUTR","distal pA"
"RNF111","ENSG00000157450","PAS38607_AATAAA_0.2",0.261239253727251,NA,0.14040256916212,1,0.707881131654696,0.82187000740577,0.738373705034922,0.766060660953892,0.0276869559189701,"chr15",59096430,59096431,"+",0.752217182994407,0,"TUTR","distal pA"
"RNF114","ENSG00000124226","PAS49209_AATAAA_0.25",0.46721700140207,NA,0.942712656881668,1,0.33158119077042,0.502302938271672,0.319195328328287,0.352568763455167,0.0333734351268806,"chr20",49953882,49953883,"+",0.335882045891727,0,"TUTR","distal pA"
"RNF13","ENSG00000082996","PAS10306_AATAAA_0.25",0.733955339146179,NA,0.23185144356421,1,0.63015439631324,0.764088628328754,0.232122604627874,0.252122867879935,0.0200002632520601,"chr3",149962135,149962136,"+",0.242122736253905,0,"TUTR","distal pA"
"RNF135","ENSG00000181481","PAS42564_AATAAA_0.2",0.8209180862979,NA,0.111706316818299,1,0.738209818529464,0.843103771153582,0.917417774858168,0.927091278895268,0.0096735040371001,"chr17",30999906,30999907,"+",0.922254526876718,0,"TUTR","distal pA"
"RNF217","ENSG00000146373","PAS18267_AATAAA_0.2",0.724374228599955,NA,0.249331182736796,1,0.617546406401338,0.754141458943376,0.756165383821686,0.719328137131343,-0.0368372466903429,"chr6",125092628,125092629,"+",0.737746760476515,0,"TUTR","distal pA"
"RPIA","ENSG00000153574","PAS5964_AATAAA_0.1",0.530942459580056,NA,0.728020351719351,1,0.393525623095507,0.565410697789097,0.673926661188278,0.635665616531041,-0.0382610446572377,"chr2",88750927,88750928,"+",0.65479613885966,0,"TUTR","distal pA"
"RPL23A","ENSG00000198242","PAS42498_AATAAA_0.2",0.209483964726525,NA,2.47444938585249,1,0.115709957988285,0.241187519349921,0.244313587631882,0.207249215099285,-0.0370643725325969,"chr17",28724354,28724355,"+",0.225781401365584,0,"TUTR","distal pA"
"RPP14","ENSG00000163684","PAS9741_AATAAA_0.35",0.312329282067399,NA,0.992205996066332,1,0.319203806850304,0.489603858857026,0.324741995749806,0.290418484798821,-0.0343235109509841,"chr3",58319671,58319672,"+",0.307580240274314,0,"TUTR","distal pA"
"RPRD2","ENSG00000163125","PAS1517_AATAAA_0.3",0.589818999469598,NA,0.743803609947463,1,0.388445163898767,0.560962925070987,0.517703185356295,0.551793006465736,0.0340898211094413,"chr1",150473709,150473710,"+",0.534748095911015,0,"TUTR","distal pA"
"RRM1","ENSG00000167325","PAS29410_AATAAA_0.3",0.0512832122995671,NA,0.274852606364675,1,0.600095022076662,0.742155260857108,0.617888503276316,0.600001882574535,-0.0178866207017814,"chr11",4138874,4138875,"+",0.608945192925425,0,"TUTR","distal pA"
"RSPRY1","ENSG00000159579","PAS40634_AATAAA_0.35",0.944307826600356,NA,0.0133358101669501,1,0.908064055199758,0.951726606823007,0.416921340802899,0.432284699293528,0.015363358490629,"chr16",57240470,57240471,"+",0.424603020048213,0,"TUTR","distal pA"
"RSRC1","ENSG00000174891","PAS10381_AATAAA_0.2",0.624406339357998,NA,1.40128768835325,1,0.236508088607796,0.399594878869548,0.72868653885557,0.660211888072988,-0.0684746507825825,"chr3",158545727,158545728,"+",0.694449213464279,0,"TUTR","distal pA"
"RTCA","ENSG00000137996","PAS1218_AATAAA_0.2",0.524560818559107,NA,0.748975816935854,1,0.386800687026792,0.559519490915923,0.241867961704992,0.212036934393032,-0.0298310273119596,"chr1",100292766,100292767,"+",0.226952448049012,0,"TUTR","distal pA"
"RTF1","ENSG00000137815","PAS38375_AATAAA_0.25",0.396156615638338,NA,0.386513049355017,1,0.534138009486002,0.688657638723267,0.583978865595626,0.55712707607686,-0.0268517895187661,"chr15",41482979,41482980,"+",0.570552970836243,0,"TUTR","distal pA"
"RUSC1","ENSG00000160753","PAS1634_AATAAA_0.15",0.48417118095818,NA,0.880997555330396,1,0.347928602595755,0.519756044722599,0.614457831323423,0.666666680818625,0.0522088494952021,"chr1",155331111,155331112,"+",0.640562256071024,0,"TUTR","distal pA"
"SAMD4B","ENSG00000179134","PAS46798_APA_0.15",0.621257497646934,NA,0.475144041334715,1,0.490630138942698,0.653286605756812,0.399590939377836,0.382707096411342,-0.0168838429664947,"chr19",39385697,39385698,"+",0.391149017894589,0,"TUTR","distal pA"
"SASH1","ENSG00000111961","PAS18404_AATAAA_0.15",0.950275369781096,NA,0.0109716448787367,1,0.91657766163283,0.956643014984602,0.293932782479034,0.29007839702582,-0.00385438545321393,"chr6",148552041,148552042,"+",0.292005589752427,0,"TUTR","distal pA"
"SCCPDH","ENSG00000143653","PAS2516_AATAAA_0.2",0.164149744088907,NA,2.98194964912636,1,0.0841977932237426,0.192146553674815,0.204934879610771,0.272602472005496,0.0676675923947256,"chr1",246767830,246767831,"+",0.238768675808133,0,"TUTR","distal pA"
"SCD","ENSG00000099194","PAS27683_AATAAA_0.15",0.107006087573658,NA,3.76881625805982,1,0.0522165742850937,0.13351009319499,0.62896733218217,0.649528570954699,0.0205612387725292,"chr10",100364824,100364825,"+",0.639247951568434,0,"TUTR","distal pA"
"SCPEP1","ENSG00000121064","PAS43104_AATAAA_0.2",0.783015345407701,NA,0.158298854175428,1,0.690727573767548,0.809264680981844,0.853818441037999,0.874584427666736,0.0207659866287367,"chr17",57006765,57006766,"+",0.864201434352367,0,"TUTR","distal pA"
"SEC61A2","ENSG00000065665","PAS26937_AATAAA_0.3",0.690446821271658,NA,0.312358531275322,1,0.57623648975968,0.72247475105913,0.809162259509643,0.851557908624166,0.042395649114523,"chr10",12165358,12165359,"+",0.830360084066905,0,"TUTR","distal pA"
"SELENOT","ENSG00000198843","PAS10320_AATAAA_0.35",0.941769455929868,NA,0.0144713386545732,1,0.90424797781408,0.949255376508181,0.79511674536003,0.804736309706497,0.00961956434646682,"chr3",150630434,150630435,"+",0.799926527533264,0,"TUTR","distal pA"
"SENP5","ENSG00000119231","PAS10729_AATAAA_0.15",0.992337609818872,NA,0.000414630019236029,1,0.983754225477122,0.991679737867673,0.872623825814236,0.871437727359222,-0.00118609845501461,"chr3",196934710,196934711,"+",0.872030776586729,0,"TUTR","distal pA"
"SENP6","ENSG00000112701","PAS18030_AATAAA_0.4",0.00170490178892752,1,0.978961410701231,1,0.322455351699681,0.49308008127708,0.469414619628002,0.507932571984462,0.0385179523564597,"chr6",75715902,75715903,"+",0.488673595806232,0,"TUTR","distal pA"
"SEPTIN2","ENSG00000168385","PAS7233_AATAAA_0.25",0.00333827625370238,1,0.709363757904612,1,0.399655109786795,0.571506806995117,0.732300222983182,0.708372548176024,-0.0239276748071586,"chr2",241354023,241354024,"+",0.720336385579603,0,"TUTR","distal pA"
"SET","ENSG00000119335","PAS25573_AATAAA_0.1",0.3116298853744,NA,3.20329790152027,1,0.073489939179526,0.173121755710205,0.611592997876702,0.574406042432662,-0.03718695544404,"chr9",128696387,128696388,"+",0.592999520154682,0,"TUTR","distal pA"
"SETD5","ENSG00000168137","PAS9135_AATAAA_0.45",0.979909519663442,NA,0.00204098017184151,1,0.963966060645138,0.981310361196526,0.47636626836536,0.474749935448066,-0.0016163329172933,"chr3",9478136,9478137,"+",0.475558101906713,0,"TUTR","distal pA"
"SGMS2","ENSG00000164023","PAS13123_AATAAA_0.4",0.4806216813581,NA,0.893703682289811,1,0.344475614757286,0.516733276638221,0.912615414109723,0.846990592141714,-0.0656248219680089,"chr4",107915026,107915027,"+",0.879803003125718,0,"TUTR","distal pA"
"SH2B3","ENSG00000111252","PAS33265_ATTAAA_0.25",0.23295007531982,NA,2.26967817543982,1,0.131927295472113,0.265302101062991,0.874607323174302,0.928585169472504,0.0539778462982022,"chr12",111451621,111451622,"+",0.901596246323403,0,"TUTR","distal pA"
"SH3BGRL","ENSG00000131171","PAS52149_AATAAA_0.2",0.691253788505456,NA,0.310550542623105,1,0.577342546760639,0.722955981621507,0.848201017324869,0.824910529343994,-0.023290487980875,"chrX",81298544,81298545,"+",0.836555773334431,0,"TUTR","distal pA"
"SIRT1","ENSG00000096717","PAS27282_ATTAAA_0.3",0.373186495073802,NA,1.34372674246424,1,0.246377817461275,0.410514025431955,0.876095079076875,0.824989306637619,-0.0511057724392554,"chr10",67918383,67918384,"+",0.850542192857247,0,"TUTR","distal pA"
"SIRT5","ENSG00000124523","PAS17363_AATAAA_0.45",0.523812402683018,NA,0.428335067920671,1,0.512807037869576,0.671614128804025,0.129312603559388,0.151879808120561,0.0225672045611737,"chr6",13614550,13614551,"+",0.140596205839975,0,"TUTR","distal pA"
"SLC25A33","ENSG00000171612","PAS145_ATTAAA_0.1",0.851393963801465,NA,0.0790567901876784,1,0.778579711578454,0.869073407683172,0.810181565006617,0.829683751633911,0.019502186627294,"chr1",9582771,9582772,"+",0.819932658320264,0,"TUTR","distal pA"
"SLC25A4","ENSG00000151729","PAS13454_AATAAA_0.2",0.869291272199548,NA,0.0631266500555512,1,0.80162069491655,0.885488811903523,0.760317132158335,0.773934032250953,0.0136169000926182,"chr4",185147269,185147270,"+",0.767125582204644,0,"TUTR","distal pA"
"SLC26A2","ENSG00000155850","PAS15652_AATAAA_0.35",0.936962918739664,NA,0.0167276801074649,1,0.897092156240104,0.94456349455073,0.477845083264924,0.487802641544691,0.00995755827976735,"chr5",149987398,149987399,"+",0.482823862404808,0,"TUTR","distal pA"
"SLC35C1","ENSG00000181830","PAS29795_AATAAA_0.05",0.908096866576181,NA,0.0322313891168733,1,0.857520758237457,0.919672976603147,0.359741926272903,0.375845890245936,0.0161039639730335,"chr11",45813014,45813015,"+",0.36779390825942,0,"TUTR","distal pA"
"SLC44A2","ENSG00000129353","PAS46251_AATAAA_0.05",0.839819453355145,NA,0.443169070289514,1,0.505596832818934,0.665476279806963,0.746178453696652,0.774734457289542,0.0285560035928902,"chr19",10644555,10644556,"+",0.760456455493097,0,"TUTR","distal pA"
"SLC9A8","ENSG00000197818","PAS49206_AATAAA_0.2",0.908947638629729,NA,0.0312358598939113,1,0.859715214935486,0.920687102389236,0.699562071838571,0.71557087580569,0.0160088039671183,"chr20",49892234,49892235,"+",0.70756647382213,0,"TUTR","distal pA"
"SLMAP","ENSG00000163681","PAS9728_ATTAAA_0.3",0.292696460422926,NA,4.87389536903083,1,0.02726588672553,0.080755744147746,0.0727089859499406,0.134571008808443,0.0618620228585024,"chr3",57930000,57930001,"+",0.103639997379192,0,"TUTR","distal pA"
"SMAD4","ENSG00000141646","PAS45402_ATTAAA_0.3",0.982930029757605,NA,0.00147176157088325,1,0.969397826594484,0.983914976793856,0.479344390763355,0.481173251232634,0.00182886046927883,"chr18",51085038,51085039,"+",0.480258820997994,0,"TUTR","distal pA"
"SMAD5","ENSG00000113658","PAS15445_None_0.2",0.00841873244771399,1,0.323905040397221,1,0.569270255527425,0.717669595989762,0.430625361882376,0.451532347281314,0.0209069853989387,"chr5",136182246,136182247,"+",0.441078854581845,1,"TUTR","distal pA"
"SMARCA5","ENSG00000153147","PAS13290_AATAAA_0.15",0.272175776576384,NA,1.96576372469644,1,0.160898237550578,0.305525866809525,0.443953077878591,0.37910419736876,-0.0648488805098315,"chr4",143554368,143554369,"+",0.411528637623676,0,"TUTR","distal pA"
"SMIM19","ENSG00000176209","PAS22852_AATAAA_0.2",0.559174377609019,NA,0.644479727533962,1,0.422093263025924,0.591798257579095,0.890022633632655,0.861589163195395,-0.0284334704372602,"chr8",42552977,42552978,"+",0.875805898414025,0,"TUTR","distal pA"
"SMIM20","ENSG00000250317","PAS12666_ATTAAA_0.1",0.721369401838498,NA,0.255816207535759,1,0.613009157423697,0.7514450568083,0.834269856013599,0.807940998413427,-0.0263288576001725,"chr4",25929810,25929811,"+",0.821105427213513,0,"TUTR","distal pA"
"SNAP29","ENSG00000099940","PAS50736_AATAAA_0.25",0.79340267650603,NA,0.144818838189167,1,0.70353666621342,0.818228517219956,0.171516268266118,0.153543818947075,-0.0179724493190436,"chr22",20891210,20891211,"+",0.162530043606597,0,"TUTR","distal pA"
"SNRNP48","ENSG00000168566","PAS17315_AATAAA_0.2",0.715793170669697,NA,0.265966854509088,1,0.606050162650876,0.746053426031203,0.746314191177198,0.786288462173104,0.0399742709959063,"chr6",7611857,7611858,"+",0.766301326675151,0,"TUTR","distal pA"
"SNX1","ENSG00000028528","PAS38661_AATAAA_0.4",0.108918761972717,NA,3.82213887698708,1,0.0505796327800928,0.130206283158723,0.208273606034714,0.151655661814908,-0.0566179442198066,"chr15",64144226,64144227,"+",0.179964633924811,0,"TUTR","distal pA"
"SNX10","ENSG00000086300","PAS20197_ATTAAA_0.25",0.421303587282624,NA,1.12612860126546,1,0.288602624246267,0.457106371630559,0.764527644531022,0.727585574080478,-0.0369420704505444,"chr7",26374326,26374327,"+",0.74605660930575,0,"TUTR","distal pA"
"SNX11","ENSG00000002919","PAS42993_AATAAA_0.25",0.558538304708068,NA,0.647751306137138,1,0.420917795369175,0.591385141725012,0.0995573921012732,0.0629502222270846,-0.0366071698741887,"chr17",48123064,48123065,"+",0.0812538071641789,0,"TUTR","distal pA"
"SOBP","ENSG00000112320","PAS18170_AATAAA_0.2",0.593915871847651,NA,0.548325830636713,1,0.459002566790894,0.626297619969582,0.322410702030585,0.257260075538629,-0.0651506264919557,"chr6",107660138,107660139,"+",0.289835388784607,0,"TUTR","distal pA"
"SOCS7","ENSG00000274211","PAS42703_AATAAA_0.1",0.142697093695059,NA,3.25445796479471,1,0.0712294836222,0.168866691993132,0.925619611103401,0.854961832020389,-0.0706577790830114,"chr17",38405591,38405592,"+",0.890290721561895,0,"TUTR","distal pA"
"SOX12","ENSG00000177732","PAS48674_AATAAA_0.25",0.424265509337172,NA,1.11219592534235,1,0.291605100806421,0.459648186074028,0.0753783153691903,0.100914501671709,0.0255361863025186,"chr20",330220,330221,"+",0.0881464085204496,0,"TUTR","distal pA"
"SOX4","ENSG00000124766","PAS17418_APA_0.2",0.923128003844114,NA,0.230060809210045,1,0.631478743047841,0.765052870615544,0.412673518441911,0.430501919596453,0.017828401154542,"chr6",21597000,21597001,"+",0.421587719019182,0,"TUTR","distal pA"
"SP1","ENSG00000185591","PAS32641_ATTAAA_0.35",0.623201751440408,NA,0.0365682772880973,1,0.848346702689131,0.914777563978593,0.277444634944766,0.26570566785687,-0.0117389670878959,"chr12",53416439,53416440,"+",0.271575151400818,0,"TUTR","distal pA"
"SP4","ENSG00000105866","PAS20127_ATTAAA_0.35",0.848632397920311,NA,0.0822402591268201,1,0.774284127764589,0.866881128331808,0.340803039686046,0.324657759324349,-0.0161452803616973,"chr7",21514758,21514759,"+",0.332730399505198,0,"TUTR","distal pA"
"SPATS2","ENSG00000123352","PAS32538_AATAAA_0.2",0.581907346357869,NA,0.580591889656716,1,0.446080412570957,0.61426924960697,0.602066609417711,0.5550352561564,-0.0470313532613109,"chr12",49527423,49527424,"+",0.578550932787056,0,"TUTR","distal pA"
"SPECC1L","ENSG00000100014","PAS50787_APA_0.05",0.708627761668406,NA,0.279728529190379,1,0.596879203507932,0.738887849624117,0.270492897580717,0.321547386990789,0.0510544894100717,"chr22",24417737,24417738,"+",0.296020142285753,0,"TUTR","distal pA"
"SPINT1","ENSG00000166145","PAS38342_AATAAA_0.05",0.40325167167767,NA,0.113315506727758,1,0.73640059758561,0.841702325549543,0.810000389517794,0.795827032942837,-0.0141733565749562,"chr15",40857653,40857654,"+",0.802913711230315,0,"TUTR","distal pA"
"SPRED1","ENSG00000166068","PAS38282_ATTAAA_0.25",0.340785334458078,NA,0.0998392659239471,1,0.752022606523901,0.852264709238217,0.184396767641975,0.172186437470497,-0.0122103301714785,"chr15",38356126,38356127,"+",0.178291602556236,0,"TUTR","distal pA"
"SRD5A1","ENSG00000145545","PAS14572_AATAAA_0.4",0.812335683685071,NA,0.0275545772751684,1,0.868160322617731,0.92715390055187,0.499377852736928,0.481014116459399,-0.0183637362775291,"chr5",6669559,6669560,"+",0.490195984598164,0,"TUTR","distal pA"
"SREBF2","ENSG00000198911","PAS51098_AATAAA_0.2",0.611107157178727,NA,0.500246165005592,1,0.479391979392498,0.643439171983394,0.751204553028662,0.776456532655262,0.0252519796266003,"chr22",41907303,41907304,"+",0.763830542841962,0,"TUTR","distal pA"
"SRPRB","ENSG00000144867","PAS10180_APA_0.15",0.643969690414624,NA,1.29708852570184,1,0.25474572347782,0.420686053250872,0.535803641820689,0.585093700125074,0.0492900583043855,"chr3",133820678,133820679,"+",0.560448670972882,0,"TUTR","distal pA"
"SRSF5","ENSG00000100650","PAS36870_ATTAAA_0.1",0.255540510686003,NA,3.38886681580516,1,0.0656380454521407,0.15785397994247,0.536676095531709,0.592761056772392,0.0560849612406827,"chr14",69771669,69771670,"+",0.56471857615205,0,"TUTR","distal pA"
"STAG2","ENSG00000101972","PAS52335_AATAAA_0.1",0.838078961612126,NA,0.00231490749501972,1,0.961625798711536,0.980154814649739,0.192024542982671,0.193586309450932,0.00156176646826123,"chrX",124102497,124102498,"+",0.192805426216802,0,"TUTR","distal pA"
"STK16","ENSG00000115661","PAS6998_AATAAA_0.15",0.576139077754489,NA,0.598264497275522,1,0.439240966159911,0.608327234210188,0.073033359552453,0.099659813816029,0.0266264542635759,"chr2",219250336,219250337,"+",0.086346586684241,0,"TUTR","distal pA"
"STK4","ENSG00000101109","PAS49124_AATAAA_0.45",1,NA,2.79695977951633e-05,1,0.995780304160988,0.99954405261084,0.305826680755439,0.305684936354656,-0.00014174440078385,"chr20",45079949,45079950,"+",0.305755808555047,0,"TUTR","distal pA"
"STT3A","ENSG00000134910","PAS30683_None_0.15",0.0415832722360294,0,5.88247571075681,1,0.0152923047459574,0.0515941824369054,0.0985541240783946,0.169030859928356,0.0704767358499617,"chr11",125621372,125621373,"+",0.133792492003375,0,"TUTR","distal pA"
"SUFU","ENSG00000107882","PAS27750_ATTAAA_0.1",0.514291715422554,NA,0.781946471241213,1,0.376546500027777,0.549204170013614,0.781107997200263,0.840229802716711,0.0591218055164485,"chr10",102633451,102633452,"+",0.810668899958487,0,"TUTR","distal pA"
"SUPT6H","ENSG00000109111","PAS42490_AATAAA_0.2",0.983296917616823,NA,0.00137922919111588,1,0.970374993187066,0.984215883580927,0.806769962468087,0.805728652721297,-0.00104130974679006,"chr17",28702229,28702230,"+",0.806249307594692,0,"TUTR","distal pA"
"SYAP1","ENSG00000169895","PAS51788_AATAAA_0.4",0.175092715126326,NA,0.691061576689208,1,0.405803533702367,0.577064952908852,0.123859585142956,0.101568328634672,-0.022291256508284,"chrX",16765333,16765334,"+",0.112713956888814,0,"TUTR","distal pA"
"SYS1","ENSG00000204070","PAS49130_APA_0.1",0.90590570178967,NA,0.294257792693315,1,0.587504867357294,0.730549530713853,0.533831492819566,0.556455698254817,0.022624205435251,"chr20",45368113,45368114,"+",0.545143595537192,0,"TUTR","distal pA"
"SZRD1","ENSG00000055070","PAS272_APA_0.15",0.0902590508242504,NA,2.16731769989929,1,0.140971933117585,0.278752129715718,0.723812176292958,0.673265636244465,-0.0505465400484937,"chr1",16398143,16398144,"+",0.698538906268711,0,"TUTR","distal pA"
"TACC1","ENSG00000147526","PAS22814_AATAAA_0.1",0.647047292367226,NA,0.409546393836763,1,0.522199827736504,0.679538635833512,0.879649129922581,0.848581361271064,-0.0310677686515175,"chr8",38853026,38853027,"+",0.864115245596822,0,"TUTR","distal pA"
"TADA2B","ENSG00000173011","PAS12570_ATTAAA_0.3",0.831570387687014,NA,0.099753697592007,1,0.752125406969315,0.852264709238217,0.314649095793292,0.282424877245064,-0.0322242185482281,"chr4",7057947,7057948,"+",0.298536986519178,0,"TUTR","distal pA"
"TAOK1","ENSG00000160551","PAS42512_AATAAA_0.1",0.625903414653458,NA,0.258619354176972,1,0.611070267372023,0.750700127186808,0.469589819305726,0.449062515895856,-0.0205273034098699,"chr17",29551901,29551902,"+",0.459326167600791,0,"TUTR","distal pA"
"TATDN3","ENSG00000203705","PAS2217_AATAAA_0.4",0.907753712518793,NA,0.0863908602266292,1,0.768816573141423,0.863226066208033,0.231809038155773,0.254245015703428,0.0224359775476549,"chr1",212816618,212816619,"+",0.2430270269296,0,"TUTR","distal pA"
"TBC1D14","ENSG00000132405","PAS12566_AATAAA_0.2",0.545358942015807,NA,0.684105428770181,1,0.408176609086617,0.578878265010686,0.80620166259371,0.767040921269219,-0.0391607413244908,"chr4",7033112,7033113,"+",0.786621291931465,0,"TUTR","distal pA"
"TBC1D22A","ENSG00000054611","PAS51193_AATAAA_0.15",0.694399756364442,NA,0.304879953392629,1,0.58083917876959,0.725867687825667,0.115466247555072,0.088048297340527,-0.0274179502145447,"chr22",47175689,47175690,"+",0.101757272447799,0,"TUTR","distal pA"
"TBC1D23","ENSG00000036054","PAS9881_AATAAA_0.4",0.721335619607123,NA,0.257132480315704,1,0.612097058942286,0.751294003774379,0.500168966973211,0.477232563034444,-0.0229364039387667,"chr3",100325233,100325234,"+",0.488700765003827,0,"TUTR","distal pA"
"TBC1D25","ENSG00000068354","PAS51942_APA_0.15",0.896375380444898,NA,0.0410990193630028,1,0.839346909223435,0.909822684691758,0.291995515940511,0.31161918654398,0.0196236706034693,"chrX",48562608,48562609,"+",0.301807351242246,0,"TUTR","distal pA"
"TBL1X","ENSG00000101849","PAS51739_AATAAA_0.2",0.65085707771261,NA,0.399985377849134,1,0.527096808448377,0.683280001402,0.42712873008717,0.396023063247379,-0.0311056668397911,"chrX",9719736,9719737,"+",0.411575896667275,0,"TUTR","distal pA"
"TBPL1","ENSG00000028839","PAS18317_AATAAA_0.3",0.153762462283338,NA,3.10869104000835,1,0.0778755232423746,0.18064067450143,0.131181835757394,0.0707695357402807,-0.0604123000171137,"chr6",133989224,133989225,"+",0.100975685748838,0,"TUTR","distal pA"
"TCEAL9","ENSG00000185222","PAS52223_AATAAA_0.45",0.684388850305124,NA,0.325012239306034,1,0.568610928403277,0.716920260760764,0.900578360222598,0.882716620508352,-0.0178617397142462,"chrX",103358459,103358460,"+",0.891647490365475,0,"TUTR","distal pA"
"TCHP","ENSG00000139437","PAS33236_AATAAA_0.1",0.957910592628004,NA,0.00797608783585702,1,0.928836384601396,0.962987197498564,0.734692159172743,0.74265830131037,0.00796614213762636,"chr12",109918064,109918065,"+",0.738675230241556,0,"TUTR","distal pA"
"TCP11L1","ENSG00000176148","PAS29674_ATTAAA_0.3",0.653339930489675,NA,0.39360061912015,1,0.530412809650775,0.685904987775567,0.3344827954825,0.277344230435583,-0.0571385650469175,"chr11",33073561,33073562,"+",0.305913512959041,0,"TUTR","distal pA"
"TEAD1","ENSG00000187079","PAS29519_AATAAA_0.25",0.86999158227569,NA,0.0127947592300188,1,0.90994023809305,0.952925504450737,0.504181243028248,0.508487761296566,0.00430651826831863,"chr11",12944735,12944736,"+",0.506334502162407,0,"TUTR","distal pA"
"TFG","ENSG00000114354","PAS9894_AATAAA_0.25",0.0321568934257158,0,6.42557073836542,1,0.0112488757352785,0.0404257442538469,0.859740239712014,0.9026858738621,0.0429456341500856,"chr3",100748962,100748963,"+",0.881213056787057,0,"TUTR","distal pA"
"TGIF2","ENSG00000118707","PAS49046_AATAAA_0.3",0.632280123190914,NA,0.443025391565016,1,0.505665830687101,0.665476279806963,0.579392425840007,0.536754906263257,-0.0426375195767499,"chr20",36593946,36593947,"+",0.558073666051632,0,"TUTR","distal pA"
"THG1L","ENSG00000113272","PAS15718_AATAAA_0.05",0.822586710260261,NA,0.109177035939183,1,0.741083020778904,0.845124296678283,0.161284615614607,0.147666172227777,-0.0136184433868296,"chr5",157741445,157741446,"+",0.154475393921192,0,"TUTR","distal pA"
"THUMPD3","ENSG00000134077","PAS9128_ATTAAA_0.2",0.765371759550668,NA,0.777264129950709,1,0.377979174237717,0.550614910372261,0.274879294145548,0.332846565840805,0.0579672716952567,"chr3",9385701,9385702,"+",0.303862929993177,0,"TUTR","distal pA"
"TIGAR","ENSG00000078237","PAS32077_ATTAAA_0.35",0.7243065009668,NA,0.249745874690575,1,0.617254071740298,0.754060738357094,0.318995942736376,0.269819654494889,-0.0491762882414866,"chr12",4360021,4360022,"+",0.294407798615632,0,"TUTR","distal pA"
"TIMM22","ENSG00000177370","PAS42114_None_0.1",0.908947638629729,NA,0.0311793047160336,1,0.859840955608728,0.920687102389236,0.68955181659035,0.700500232534475,0.0109484159441247,"chr17",1002103,1002104,"+",0.695026024562412,0,"TUTR","distal pA"
"TIPARP","ENSG00000163659","PAS10366_AATAAA_0.2",0.181681539636391,NA,2.76832960533147,1,0.096146446820537,0.212037941737564,0.778407498418821,0.711593631341224,-0.066813867077597,"chr3",156706765,156706766,"+",0.745000564880022,0,"TUTR","distal pA"
"TLNRD1","ENSG00000140406","PAS38912_ATTAAA_0.25",0.508731664002013,NA,0.801056338469152,1,0.370777729249559,0.542920061969874,0.901899159054616,0.935479729791446,0.0335805707368302,"chr15",81004000,81004001,"+",0.918689444423031,0,"TUTR","distal pA"
"TMBIM6","ENSG00000139644","PAS32544_AATAAA_0.15",0.0673613156411539,NA,4.84521345118992,1,0.0277229611513216,0.0817676549101701,0.78849433511267,0.755111919843174,-0.0333824152694961,"chr12",49764933,49764934,"+",0.771803127477922,0,"TUTR","distal pA"
"TMEM164","ENSG00000157600","PAS52266_ATTAAA_0.2",0.678856211661062,NA,0.335472132780126,1,0.562454526244209,0.711781343195654,0.688562642099463,0.616054200896831,-0.0725084412026324,"chrX",110177785,110177786,"+",0.652308421498147,0,"TUTR","distal pA"
"TMEM165","ENSG00000134851","PAS12850_AATAAA_0",0.529997495123873,NA,0.730940661555451,1,0.392578453313637,0.564364053576045,0.805941175685288,0.763050942662256,-0.0428902330230321,"chr4",55426174,55426175,"+",0.784496059173772,0,"TUTR","distal pA"
"TMEM167B","ENSG00000215717","PAS1276_AATAAA_0.2",0.789744921378515,NA,0.14992054448976,1,0.698611300389197,0.814609126646337,0.823816528660706,0.810742078805342,-0.0130744498553638,"chr1",109096932,109096933,"+",0.817279303733024,0,"TUTR","distal pA"
"TMEM181","ENSG00000146433","PAS18493_AATAAA_0.15",0.240281560852509,NA,2.17931613438577,1,0.13987660304362,0.277449701905528,0.394367430642315,0.341474270686277,-0.0528931599560376,"chr6",158635427,158635428,"+",0.367920850664296,0,"TUTR","distal pA"
"TMEM183A","ENSG00000163444","PAS2093_AATAAA_0.2",0.581789589177206,NA,1.05322577421555,1,0.304765330107128,0.473704791841251,0.580775905633987,0.654269705178473,0.0734937995444863,"chr1",203024846,203024847,"+",0.61752280540623,0,"TUTR","distal pA"
"TMEM260","ENSG00000070269","PAS36685_AATAAA_0.25",0.981329929115897,NA,0.00174401509502786,1,0.966688901095653,0.98236827484294,0.224289568632716,0.220563392816232,-0.00372617581648393,"chr14",56649511,56649512,"+",0.222426480724474,0,"TUTR","distal pA"
"TMEM92","ENSG00000167105","PAS43044_None_0.05",0.838190196957387,NA,0.09286936057606,1,0.760560566701008,0.857640784617003,0.105053352397843,0.118387059756933,0.0133337073590896,"chr17",50280036,50280037,"+",0.111720206077388,0,"TUTR","distal pA"
"TMEM94","ENSG00000177728","PAS43382_AATAAA_0.15",0.817456138533904,NA,0.115557996712596,1,0.733903049697522,0.840102074746117,0.154120290621027,0.144391056925717,-0.00972923369530987,"chr17",75500448,75500449,"+",0.149255673773372,0,"TUTR","distal pA"
"TMEM97","ENSG00000109084","PAS42477_AATAAA_0.05",0.49679484993263,NA,1.42343734698079,1,0.232838460211362,0.394778746935564,0.38522815911817,0.326690047851333,-0.0585381112668365,"chr17",28328223,28328224,"+",0.355959103484751,0,"TUTR","distal pA"
"TMT1B","ENSG00000170439","PAS32677_AATAAA_0.35",0.582381266764439,NA,0.578154501743825,1,0.447036607835042,0.6149552012649,0.79975277849742,0.848058296411078,0.0483055179136578,"chr12",55684607,55684608,"+",0.823905537454249,0,"TUTR","distal pA"
"TMTC3","ENSG00000139324","PAS33050_AATAAA_0.4",0.119890254652811,NA,0.957185652107,1,0.327896970739051,0.498938643618717,0.353293520853723,0.409835684151907,0.0565421632981834,"chr12",88199877,88199878,"+",0.381564602502815,0,"TUTR","distal pA"
"TNFAIP1","ENSG00000109079","PAS42481_AATAAA_0.3",0.624305089254868,NA,0.466504545621206,1,0.494599651437421,0.656891739554517,0.853315781839435,0.818188489687659,-0.0351272921517761,"chr17",28347006,28347007,"+",0.835752135763547,0,"TUTR","distal pA"
"TNRC6A","ENSG00000090905","PAS40404_AATAAA_0.25",0.0105050454265749,1,0.0104578683258296,1,0.918547351936611,0.95748757247141,0.145163969994246,0.143100453031822,-0.00206351696242416,"chr16",24825455,24825456,"+",0.144132211513034,0,"TUTR","distal pA"
"TNRC6C","ENSG00000078687","PAS43440_AATAAA_0.3",0.595885668158314,NA,0.542508461915304,1,0.46139499378466,0.627784121235458,0.265912693918227,0.316203867564714,0.0502911736464874,"chr17",78107459,78107460,"+",0.291058280741471,0,"TUTR","distal pA"
"TOMM22","ENSG00000100216","PAS51006_ATTAAA_0.35",0.192428305283353,NA,3.83367878943682,1,0.0502325660487707,0.129517808993987,0.884920228336589,0.849378217790957,-0.0355420105456322,"chr22",38684483,38684484,"+",0.867149223063773,0,"TUTR","distal pA"
"TOR1AIP1","ENSG00000143337","PAS1913_AATAAA_0.3",0.950901527870468,NA,0.177123069314803,1,0.673857376403816,0.796593935241902,0.744707477465777,0.722861867435921,-0.0218456100298559,"chr1",179920069,179920070,"+",0.733784672450849,0,"TUTR","distal pA"
"TOX4","ENSG00000092203","PAS36378_AATAAA_0.4",0.468655314819867,NA,0.0458330484107137,1,0.830479568712104,0.904884085041498,0.197452229299363,0.205405513771932,0.00795328447256838,"chr14",21499168,21499169,"+",0.201428871535647,0,"TUTR","distal pA"
"TPM4","ENSG00000167460","PAS46397_AATAAA_0.4",0.585425904228916,NA,1.42926490083664,1,0.231884444511696,0.393622785863645,0.804083590336543,0.778279724653767,-0.025803865682776,"chr19",16102941,16102942,"+",0.791181657495155,0,"TUTR","distal pA"
"TPX2","ENSG00000088325","PAS48919_AATAAA_0.15",0.471943482382526,NA,0.925666692433879,1,0.33599146962277,0.507163553439405,0.909268129068856,0.889374771808586,-0.019893357260269,"chr20",31801799,31801800,"+",0.899321450438721,0,"TUTR","distal pA"
"TRABD","ENSG00000170638","PAS51212_AATAAA_0.2",0.0349704063943019,0,6.25055463255421,1,0.012415442570526,0.0437127040503938,0.94593759268817,0.886485427865967,-0.0594521648222032,"chr22",50199591,50199592,"+",0.916211510277069,0,"TUTR","distal pA"
"TRIM13","ENSG00000204977","PAS35538_AATAAA_0.15",0.671856418232261,NA,0.353439823272311,1,0.552172358747415,0.704452833762756,0.29349158753885,0.260213708866277,-0.0332778786725729,"chr13",50018466,50018467,"+",0.276852648202563,0,"TUTR","distal pA"
"TRIM24","ENSG00000122779","PAS21027_ATTAAA_0.2",0.981329929115897,NA,0.00174950719156186,1,0.966636522687355,0.98236827484294,0.645383175009671,0.641045153314353,-0.00433802169531772,"chr7",138585584,138585585,"+",0.643214164162012,0,"TUTR","distal pA"
"TRIM44","ENSG00000166326","PAS29740_AATAAA_0.15",0.151072677024274,NA,4.48936109166243,1,0.0341064220477444,0.0960914030831531,0.238699689881294,0.202255573355629,-0.0364441165256655,"chr11",35811051,35811052,"+",0.220477631618462,0,"TUTR","distal pA"
"TRIOBP","ENSG00000100106","PAS50972_AATAAA_0.1",0.788147828875506,NA,0.19319800933954,1,0.66026816443026,0.786792793370232,0.348078292587655,0.333442333871905,-0.0146359587157505,"chr22",37774508,37774509,"+",0.34076031322978,0,"TUTR","distal pA"
"TRMT61A","ENSG00000166166","PAS37200_AATAAA_0.15",0.79085654472807,NA,0.147828670903607,1,0.700619054121953,0.815706875842263,0.822593855934469,0.851112558225419,0.02851870229095,"chr14",103536044,103536045,"+",0.836853207079944,0,"TUTR","distal pA"
"TRNAU1AP","ENSG00000180098","PAS498_APA_0.15",0.542760835259605,NA,0.693166754448498,1,0.405089334284286,0.576679521610482,0.0779626650804316,0.117968040280535,0.0400053752001032,"chr1",28578543,28578544,"+",0.0979653526804832,0,"TUTR","distal pA"
"TRNP1","ENSG00000253368","PAS453_AATAAA_0.25",0.989739960520508,NA,0.0332986003627411,1,0.855206801159411,0.918976556852801,0.859401826477543,0.866267177434812,0.00686535095726859,"chr1",27000652,27000653,"+",0.862834501956178,0,"TUTR","distal pA"
"TSPAN14","ENSG00000108219","PAS27478_AATAAA_0.4",0.350621428769826,NA,0.121761681511998,1,0.727131602910294,0.835732516222545,0.329709688338115,0.339449233587145,0.00973954524902965,"chr10",80522633,80522634,"+",0.33457946096263,0,"TUTR","distal pA"
"TSPAN9","ENSG00000011105","PAS32071_AATAAA_0.2",0.62508235703888,NA,0.463489252993099,1,0.495997765159709,0.657808695273541,0.858264053832124,0.816082746976548,-0.0421813068555766,"chr12",3286557,3286558,"+",0.837173400404336,0,"TUTR","distal pA"
"TSR2","ENSG00000158526","PAS51989_AATAAA_0.25",0.813457911417173,NA,0.119759580035861,1,0.729295390753235,0.836741396567788,0.179796397076154,0.19894495656012,0.0191485594839664,"chrX",54448031,54448032,"+",0.189370676818137,0,"TUTR","distal pA"
"TTC1","ENSG00000113312","PAS15734_AATAAA_0.1",0.150671775663282,NA,3.15067135477966,1,0.0758957311808415,0.177453773789344,0.944544834317971,0.901795695818181,-0.0427491384997898,"chr5",160065541,160065542,"+",0.923170265068076,0,"TUTR","distal pA"
"TTC7A","ENSG00000068724","PAS5589_ATTAAA_0.3",0.760292543300327,NA,0.40193893031801,1,0.526089607665368,0.683233938577787,0.396997682034519,0.335120968227604,-0.061876713806915,"chr2",47076120,47076121,"+",0.366059325131061,0,"TUTR","distal pA"
"TTL","ENSG00000114999","PAS6173_APA_0.1",0.663220135647906,NA,0.070697279199976,1,0.790324235156612,0.877291586803121,0.870239047196385,0.849816912080934,-0.020422135115451,"chr2",112532403,112532404,"+",0.86002797963866,0,"TUTR","distal pA"
"TUBB","ENSG00000196230","PAS17582_AATAAA_0.4",0.156428714531988,NA,3.07402683873806,1,0.0795521914954082,0.183418261504207,0.319659456578652,0.347720663130343,0.0280612065516909,"chr6",30725415,30725416,"+",0.333690059854498,0,"TUTR","distal pA"
"TUG1","ENSG00000253352","PAS50892_AATAAA_0.2",0.892172658185207,NA,0.0459862937623257,1,0.830200715094745,0.904807529776208,0.396325207647938,0.402149075532211,0.00582386788427358,"chr22",30978842,30978843,"+",0.399237141590075,0,"TUTR","distal pA"
"TWSG1","ENSG00000128791","PAS45172_AATAAA_0.2",0.520323935883872,NA,0.762707341528085,1,0.382482592835788,0.555372236171848,0.79312742098212,0.732047468451238,-0.0610799525308822,"chr18",9402418,9402419,"+",0.762587444716679,0,"TUTR","distal pA"
"TXLNG","ENSG00000086712","PAS51797_APA_0.2",0.606397856834106,NA,0.512138076154088,1,0.474214761216522,0.638550981758133,0.816883851002096,0.860193984221224,0.0433101332191275,"chrX",16844516,16844517,"+",0.83853891761166,0,"TUTR","distal pA"
"UBALD2","ENSG00000185262","PAS43406_None_0.1",0.676042085466599,NA,0.341827385007491,1,0.558776315125727,0.709017328771451,0.69266723245945,0.707959637636501,0.0152924051770517,"chr17",76271291,76271292,"+",0.700313435047975,0,"TUTR","distal pA"
"UBE2B","ENSG00000119048","PAS15393_APA_0.15",0.144704923931438,NA,3.22814474456482,1,0.0723826465556089,0.170915510729112,0.150022301141838,0.0940895201150631,-0.0559327810267745,"chr5",134391533,134391534,"+",0.12205591062845,0,"TUTR","distal pA"
"UBE2E1","ENSG00000170142","PAS9307_AATAAA_0.35",0.0153731022216915,0,8.01711351335689,1,0.00463373648526162,0.0198481938389432,0.840109613990027,0.889501805298947,0.0493921913089204,"chr3",23891303,23891304,"+",0.864805709644487,0,"TUTR","distal pA"
"UBE2E2","ENSG00000182247","PAS9301_APA_0.25",0.809722094978601,NA,0.125725488436728,1,0.722905833647979,0.832640610131099,0.0839723639459219,0.0729139396271467,-0.0110584243187752,"chr3",23590790,23590791,"+",0.0784431517865343,0,"TUTR","distal pA"
"UBE2F","ENSG00000184182","PAS7182_AATAAA_0.2",0.894049914874366,NA,0.043721837616431,1,0.834371989809744,0.907150363722466,0.131664499880324,0.121589345553402,-0.0100751543269223,"chr2",238042593,238042594,"+",0.126626922716863,0,"TUTR","distal pA"
"UBE2L3","ENSG00000185651","PAS50751_AATAAA_0.05",0.044692360048596,1,1.29386529326439,1,0.255336846425906,0.421394848768588,0.222627677939814,0.269662924199339,0.0470352462595245,"chr22",21624033,21624034,"+",0.246145301069576,0,"TUTR","distal pA"
"UBE2R2","ENSG00000107341","PAS24923_AATAAA_0.25",0.172950332449731,NA,0.413025055317121,1,0.520438086387021,0.67819555559326,0.279639584485701,0.292572215889524,0.0129326314038227,"chr9",33917985,33917986,"+",0.286105900187613,0,"TUTR","distal pA"
"UBE2Z","ENSG00000159202","PAS43011_AATAAA_0.25",0.432817022743635,NA,1.07374568504565,1,0.300100914392958,0.468419479308572,0.539793593136057,0.504466970098036,-0.0353266230380205,"chr17",48929053,48929054,"+",0.522130281617046,0,"TUTR","distal pA"
"UBE3B","ENSG00000151148","PAS33231_ATTAAA_0.15",0.722277910015588,NA,0.253544669741132,1,0.614590151963809,0.752153362985153,0.912596350248759,0.893923778469065,-0.0186725717796936,"chr12",109536700,109536701,"+",0.903260064358912,0,"TUTR","distal pA"
"UBLCP1","ENSG00000164332","PAS15730_AATAAA_0.3",0.947590009493741,NA,0.0121557681031845,1,0.912208571926077,0.954302608447146,0.313361675305835,0.309705776803401,-0.00365589850243353,"chr5",159286031,159286032,"+",0.311533726054618,0,"TUTR","distal pA"
"UBXN2B","ENSG00000215114","PAS22931_AATAAA_0.35",0.674807196377502,NA,0.345434671686121,1,0.556708898972067,0.707742565682497,0.883649631221464,0.855387545381491,-0.0282620858399731,"chr8",58451493,58451494,"+",0.869518588301478,0,"TUTR","distal pA"
"UGCG","ENSG00000148154","PAS25367_None_0.15",0.126397473642454,NA,1.50360047115828,1,0.220118200662348,0.380954667538121,0.353794003094996,0.380803100787538,0.0270090976925415,"chr9",111933650,111933651,"+",0.367298551941267,0,"TUTR","distal pA"
"UHMK1","ENSG00000152332","PAS1760_AATAAA_0.3",0.470282391625216,NA,0.00211621171911247,1,0.963308415731107,0.981155921035363,0.584419614508072,0.587580071436253,0.00316045692818079,"chr1",162529606,162529607,"+",0.585999842972162,0,"TUTR","distal pA"
"UNC5B","ENSG00000107731","PAS27360_AATAAA_0.25",0.692921220841602,NA,0.308049208395914,1,0.57887974331886,0.724382752070805,0.408193521394442,0.345365458610781,-0.0628280627836614,"chr10",71302859,71302860,"+",0.376779490002612,0,"TUTR","distal pA"
"UPF1","ENSG00000005007","PAS46489_AATAAA_0.4",0.150671775663282,NA,3.15054487257385,1,0.075901614148274,0.177453773789344,0.56461706734653,0.501123063703451,-0.0634940036430789,"chr19",18868228,18868229,"+",0.532870065524991,0,"TUTR","distal pA"
"URB2","ENSG00000135763","PAS2399_AATAAA_0.45",0.867148347408334,NA,0.0650058260549145,1,0.798752139154589,0.88336481794081,0.442779012130633,0.414321729787416,-0.0284572823432175,"chr1",229660045,229660046,"+",0.428550370959024,0,"TUTR","distal pA"
"USO1","ENSG00000138768","PAS12949_AATAAA_0.15",0.0617515749395599,NA,5.0308971394461,1,0.0248989975715831,0.075228849639891,0.929636050925802,0.861660429572275,-0.0679756213535274,"chr4",75814210,75814211,"+",0.895648240249038,0,"TUTR","distal pA"
"USP11","ENSG00000102226","PAS51925_APA_0.15",0.418877061539072,NA,1.13721587711416,1,0.286241396245724,0.454805774034872,0.477489713797758,0.428853825987538,-0.0486358878102202,"chrX",47248326,47248327,"+",0.453171769892648,0,"TUTR","distal pA"
"USP3","ENSG00000140455","PAS38655_ATTAAA_0.2",0.00244588981732976,0,11.9071891306221,1,0.000559177146389948,0.00335790134101172,0.124998783742266,0.0516965722595111,-0.0733022114827554,"chr15",63594632,63594633,"+",0.0883476780008888,0,"TUTR","distal pA"
"USP9X","ENSG00000124486","PAS51891_AATAAA_0.35",0.522470674092925,NA,0.676420928974949,1,0.410821895486422,0.581595444513143,0.125190246850704,0.101238760225052,-0.0239514866256516,"chrX",41233796,41233797,"+",0.113214503537878,0,"TUTR","distal pA"
"USPL1","ENSG00000132952","PAS35406_AATAAA_0.35",0.779359658644436,NA,0.16286507041815,1,0.686532298384534,0.806376459868033,0.346069867790906,0.387782169891305,0.0417123021003993,"chr13",30660759,30660760,"+",0.366926018841105,0,"TUTR","distal pA"
"UTP11","ENSG00000183520","PAS661_AATAAA_0.2",0.51800250731992,NA,0.770731233101742,1,0.379990934543054,0.552536019880792,0.154303758181539,0.115719883672021,-0.0385838745095181,"chr1",38024823,38024824,"+",0.13501182092678,0,"TUTR","distal pA"
"UTP15","ENSG00000164338","PAS14957_APA_0.3",0.769927368931307,NA,0.141379763328587,1,0.706913175601677,0.82112480175887,0.503475064088048,0.481917711284524,-0.0215573528035235,"chr5",73580516,73580517,"+",0.492696387686286,0,"TUTR","distal pA"
"UTP23","ENSG00000147679","PAS23318_AATAAA_0.2",0.0302389439579146,1,0.743835688585023,1,0.388434933942608,0.560962925070987,0.262533467320764,0.291731358360722,0.0291978910399576,"chr8",116772207,116772208,"+",0.277132412840743,0,"TUTR","distal pA"
"UTP25","ENSG00000117597","PAS2184_AATAAA_0.4",0.164149744088907,NA,0.273467049770034,1,0.601015471212786,0.742806945283692,0.203116887957473,0.226808169376779,0.0236912814193064,"chr1",209852212,209852213,"+",0.214962528667126,0,"TUTR","distal pA"
"VAPA","ENSG00000101558","PAS45181_AATAAA_0.05",1.06044456447634e-16,1,1.99416931479209,1,0.157905622731891,0.301388207866804,0.746895592924243,0.77497862341525,0.0280830304910072,"chr18",9954824,9954825,"+",0.760937108169747,0,"TUTR","distal pA"
"VAPB","ENSG00000124164","PAS49276_AATAAA_0.35",0.182801202633074,NA,2.7566084092623,1,0.0968533697722168,0.213293772355027,0.121343751358037,0.0644692093118362,-0.0568745420462006,"chr20",58451097,58451098,"+",0.0929064803349365,0,"TUTR","distal pA"
"VASP","ENSG00000125753","PAS46981_AATAAA_0.35",0.44218771354563,NA,1.03456597725562,1,0.309088658341545,0.478033124673646,0.862636691949927,0.840866871616217,-0.0217698203337102,"chr19",45526979,45526980,"+",0.851751781783072,0,"TUTR","distal pA"
"VCAN","ENSG00000038427","PAS15083_APA_0.2",0.540882235815095,NA,0.697985000571407,1,0.403461592673087,0.575306345107921,0.213280412621922,0.168298138846168,-0.0449822737757542,"chr5",83582295,83582296,"+",0.190789275734045,0,"TUTR","distal pA"
"VHL","ENSG00000134086","PAS9177_ATTAAA_0.25",0.128972563351045,NA,4.73043386799645,1,0.02963340919914,0.0861142371389927,0.820303806652256,0.745483732782385,-0.074820073869871,"chr3",10153663,10153664,"+",0.782893769717321,0,"TUTR","distal pA"
"VMP1","ENSG00000062716","PAS43171_APA_0.35",0.164627256521522,NA,3.47963073058418,1,0.062128602269021,0.152170054832819,0.231456641905108,0.26899546878152,0.037538826876412,"chr17",59841972,59841973,"+",0.250226055343314,0,"TUTR","distal pA"
"VPS26A","ENSG00000122958","PAS27326_AATAAA_0.2",0.402906651344616,NA,1.70890963685724,1,0.191126900671901,0.343881541889113,0.764013076676298,0.725442706144144,-0.0385703705321543,"chr10",69172857,69172858,"+",0.744727891410221,0,"TUTR","distal pA"
"VPS35L","ENSG00000103544","PAS40346_AATAAA_0.2",0.721369401838498,NA,0.256149552961006,1,0.612777890695796,0.75142090950098,0.213759191934827,0.183678594952033,-0.0300805969827931,"chr16",19701122,19701123,"+",0.19871889344343,0,"TUTR","distal pA"
"WASHC2C","ENSG00000172661","PAS27191_AATAAA_0.2",0.321029903988262,NA,1.63488482023809,1,0.201028738375879,0.356595825038892,0.709657882667995,0.642481094760249,-0.0671767879077458,"chr10",45792962,45792963,"+",0.676069488714122,0,"TUTR","distal pA"
"WDR3","ENSG00000065183","PAS1426_AATAAA_0.35",0.0684658681703938,NA,1.39778143051535,1,0.237095384892862,0.400362938150012,0.611399059776111,0.66133725514654,0.0499381953704284,"chr1",117960059,117960060,"+",0.636368157461326,0,"TUTR","distal pA"
"WFS1","ENSG00000109501","PAS12553_AATAAA_0.05",0.713580678914387,NA,0.270293828348827,1,0.603134737863995,0.744083712321494,0.688765101488274,0.739364432001591,0.0505993305133174,"chr4",6303263,6303264,"+",0.714064766744933,0,"TUTR","distal pA"
"WIPF3","ENSG00000122574","PAS20230_AATAAA_0.2",0.907753712518793,NA,0.0324666204539312,1,0.857007363967595,0.919392978343802,0.55398523244076,0.531129099104482,-0.0228561333362773,"chr7",29917057,29917058,"+",0.542557165772621,0,"TUTR","distal pA"
"WWC1","ENSG00000113645","PAS15762_AATAAA_0.1",0.731901328012143,NA,0.191023461683471,1,0.662066160943177,0.788150805195556,0.75655970229176,0.739596010838397,-0.0169636914533622,"chr5",168469756,168469757,"+",0.748077856565078,0,"TUTR","distal pA"
"WWC2","ENSG00000151718","PAS13435_AATAAA_0.2",0.892007766408442,NA,0.0462758524349738,1,0.829675141932237,0.904765157291896,0.621487172412942,0.599647858644773,-0.0218393137681689,"chr4",183318302,183318303,"+",0.610567515528857,0,"TUTR","distal pA"
"WWP1","ENSG00000123124","PAS23087_ATTAAA_0.25",0.737112527410858,NA,0.227370971370874,1,0.633480102822849,0.766763703658611,0.663417715095651,0.635297606597906,-0.0281201084977456,"chr8",86467946,86467947,"+",0.649357660846778,0,"TUTR","distal pA"
"XPNPEP3","ENSG00000196236","PAS51065_AATAAA_0.2",0.796190321731839,NA,0.232749529948478,1,0.629492545744744,0.764088628328754,0.541510129097487,0.508894256899949,-0.0326158721975381,"chr22",40932813,40932814,"+",0.525202192998718,0,"TUTR","distal pA"
"XPOT","ENSG00000184575","PAS32838_AATAAA_0.3",0.994204958395854,NA,0.000267678996124232,1,0.986946474135558,0.993281861401858,0.369560099424654,0.370518114752482,0.000958015327828687,"chr12",64451122,64451123,"+",0.370039107088568,0,"TUTR","distal pA"
"YBX1","ENSG00000065978","PAS730_AATAAA_0.2",0.0590685658518952,NA,5.1216251485148,1,0.0236294773812724,0.0721388304195293,0.69816829189407,0.770576836169604,0.0724085442755348,"chr1",42702359,42702360,"+",0.734372564031837,0,"TUTR","distal pA"
"YIPF4","ENSG00000119820","PAS5436_AATAAA_0.25",0.104573420582779,NA,2.82350482046604,1,0.0928933637934915,0.207273892840313,0.459910751221861,0.507215860449341,0.0473051092274803,"chr2",32306584,32306585,"+",0.483563305835601,0,"TUTR","distal pA"
"YPEL5","ENSG00000119801","PAS5415_AATAAA_0.2",0.882423721482143,NA,0.401567048305878,1,0.526281075639291,0.683280001402,0.527864752608927,0.55379443974008,0.0259296871311525,"chr2",30160531,30160532,"+",0.540829596174503,0,"TUTR","distal pA"
"YY1","ENSG00000100811","PAS37120_None_0.2",0.00180146527615115,1,0.462364368500857,1,0.496521050609691,0.658288480496348,0.229480072399335,0.243033683061665,0.0135536106623296,"chr14",100278144,100278145,"+",0.2362568777305,0,"TUTR","distal pA"
"ZBTB1","ENSG00000126804","PAS36791_AATAAA_0.3",0.4264911785169,NA,0.0627358893658538,1,0.802222870137281,0.885965052117155,0.235677589693054,0.22003717586128,-0.0156404138317745,"chr14",64524948,64524949,"+",0.227857382777167,0,"TUTR","distal pA"
"ZBTB38","ENSG00000177311","PAS10252_ATTAAA_0.3",0.369342504290748,NA,1.36372897867705,1,0.242892261087989,0.40654222541215,0.717432598093177,0.653259244210268,-0.0641733538829083,"chr3",141448698,141448699,"+",0.685345921151723,0,"TUTR","distal pA"
"ZCCHC7","ENSG00000147905","PAS24982_AATAAA_0.35",0.82227429811055,NA,0.109573659307216,1,0.740630041560566,0.844755783226194,0.426740338591666,0.457564751687451,0.0308244130957849,"chr9",37358145,37358146,"+",0.442152545139558,0,"TUTR","distal pA"
"ZDHHC5","ENSG00000156599","PAS29856_AATAAA_0.2",0.596897359240029,NA,0.539049892835465,1,0.46282674856876,0.629009345078614,0.841452614602203,0.869865138974655,0.0284125243724519,"chr11",57701179,57701180,"+",0.855658876788429,0,"TUTR","distal pA"
"ZFAND3","ENSG00000156639","PAS17763_ATTAAA_0.15",0.24984364895192,NA,2.13917252838473,1,0.14357931849448,0.282320591049966,0.64534350969505,0.594548692714523,-0.0507948169805263,"chr6",38154620,38154621,"+",0.619946101204787,0,"TUTR","distal pA"
"ZFP91","ENSG00000186660","PAS29870_AATAAA_0.2",0.176117770080364,NA,2.83984610815332,1,0.0919530201316543,0.205846318763671,0.418901066190532,0.36027203467673,-0.0586290315138019,"chr11",58620958,58620959,"+",0.389586550433631,0,"TUTR","distal pA"
"ZFYVE16","ENSG00000039319","PAS15047_AATAAA_0.25",0.0743320169038699,NA,0.999617459443016,1,0.317403089186701,0.487531444710404,0.349963388509626,0.42014690657629,0.0701835180666641,"chr5",80479115,80479116,"+",0.385055147542958,0,"TUTR","distal pA"
"ZNF22","ENSG00000165512","PAS27186_AATAAA_0.15",0.201690573732361,NA,2.99723831534993,1,0.0834065798947885,0.190676381270538,0.27950379201631,0.225653734913547,-0.0538500571027632,"chr10",45005324,45005325,"+",0.252578763464929,0,"TUTR","distal pA"
"ZNF33A","ENSG00000189180","PAS27152_AATAAA_0.3",0.491206481021785,NA,0.00619227689139734,1,0.937278387004954,0.965929837297719,0.409684509392658,0.406849873034492,-0.0028346363581655,"chr10",38060052,38060053,"+",0.408267191213575,0,"TUTR","distal pA"
"ZNF346","ENSG00000113761","PAS15850_AATAAA_0.4",0.431244021492194,NA,1.08226800619764,1,0.298190741065463,0.467074704732922,0.6603984220287,0.732048461375746,0.0716500393470465,"chr5",177067987,177067988,"+",0.696223441702223,0,"TUTR","distal pA"
"ZNF473","ENSG00000142528","PAS47150_ATTAAA_0.25",0.964685365796479,NA,0.00556420870361762,1,0.940538047503701,0.967514581078861,0.495199125458108,0.500992192011386,0.00579306655327816,"chr19",50048771,50048772,"+",0.498095658734747,0,"TUTR","distal pA"
"ZNF576","ENSG00000124444","PAS46897_AATAAA_0.25",0.733955339146179,NA,0.231987195722468,1,0.63005425167324,0.764088628328754,0.129167799330336,0.105327401498876,-0.02384039783146,"chr19",43601188,43601189,"+",0.117247600414606,0,"TUTR","distal pA"
"ZNF639","ENSG00000121864","PAS10507_AATAAA_0.25",0.428819922616041,NA,1.09137561755824,1,0.296166617392931,0.464843347260187,0.255081047258542,0.323124141257125,0.0680430939985833,"chr3",179335041,179335042,"+",0.289102594257833,0,"TUTR","distal pA"
"ZNF696","ENSG00000185730","PAS23533_AATAAA_0.3",0.841894510057579,NA,0.0885054813115858,1,0.766085794171439,0.861095335450667,0.473538128678538,0.493588862255208,0.0200507335766695,"chr8",143299484,143299485,"+",0.483563495466873,0,"TUTR","distal pA"
"ZNF7","ENSG00000147789","PAS23598_AATAAA_0.3",0.276903810709228,NA,1.93181831906031,1,0.164559648875801,0.310980933897879,0.13694102278263,0.189227440739881,0.0522864179572508,"chr8",144843685,144843686,"+",0.163084231761256,0,"TUTR","distal pA"
"ZNF736","ENSG00000234444","PAS20448_AATAAA_0.2",0.357462986980938,NA,0.873408705457223,1,0.350013360224125,0.522270824056477,0.218693806892215,0.292466033107777,0.0737722262155613,"chr7",64356632,64356633,"+",0.255579919999996,0,"TUTR","distal pA"
"ZNF791","ENSG00000173875","PAS46313_APA_0.3",0.820188349178105,NA,0.637268143840174,1,0.424701776536086,0.59458248715052,0.191424426714092,0.161087922936431,-0.0303365037776611,"chr19",12633833,12633834,"+",0.176256174825261,0,"TUTR","distal pA"
"ZNRF3","ENSG00000183579","PAS50851_APA_0.15",0.841083649052391,NA,0.089400651535982,1,0.764940490168632,0.860343180515507,0.329944601768859,0.293647098780232,-0.0362975029886263,"chr22",29057486,29057487,"+",0.311795850274545,0,"TUTR","distal pA"
"ZSCAN26","ENSG00000197062","PAS17518_AATAAA_0.3",0.457456835267841,NA,0.980208545913456,1,0.322147324961446,0.492724863625212,0.825336490017767,0.881308663141331,0.0559721731235642,"chr6",28278200,28278201,"+",0.853322576579549,0,"TUTR","distal pA"
"ZSWIM6","ENSG00000130449","PAS14841_ATTAAA_0.1",0.00737696349565462,0.92204048567264,0.8608299059606,1,0.353506552496102,0.526216056695467,0.607426400923548,0.568879698730365,-0.0385467021931829,"chr5",61546170,61546171,"+",0.588153049826957,0,"TUTR","distal pA"
"ABCB10","ENSG00000135776","PAS4980_ATTAAA_0.1",0.475067112019903,NA,0.916056396360886,1,0.338512568765121,0.51031789357513,0.816744388929986,0.750184162452834,-0.0665602264771519,"chr1",229516582,229516583,"-",0.78346427569141,0,"TUTR","distal pA"
"ABI1","ENSG00000136754","PAS28369_AATAAA_0.3",0.408192382725851,NA,0.13334870561539,1,0.714984943396445,0.826369932357931,0.538630960607069,0.554981006102037,0.0163500454949683,"chr10",26747814,26747815,"-",0.546805983354553,0,"TUTR","distal pA"
"ABLIM1","ENSG00000099204","PAS29143_AATAAA_0.2",0.454429839258001,NA,0.990821333090594,1,0.319541716340993,0.489833473288414,0.805234285429994,0.73687270898146,-0.0683615764485342,"chr10",114431112,114431113,"-",0.771053497205727,0,"TUTR","distal pA"
"ABRAXAS1","ENSG00000163322","PAS14025_ATTAAA_0.4",0.835699832253136,NA,0.095676848461494,1,0.75708059480087,0.855421531661346,0.64289323374274,0.608860433095148,-0.0340328006475926,"chr4",83461085,83461086,"-",0.625876833418944,0,"TUTR","distal pA"
"ACAP3","ENSG00000131584","PAS2559_AATAAA_0.05",0.958758215601738,NA,0.00746257518477478,1,0.931159418406694,0.963490524607298,0.401967852683238,0.411250938703637,0.00928308602039851,"chr1",1292391,1292392,"-",0.406609395693437,0,"TUTR","distal pA"
"ACBD3","ENSG00000182827","PAS4928_ATTAAA_0.2",0.207294736991666,NA,0.390285132603367,1,0.53214956203994,0.687263026084333,0.584571207529523,0.556288601703298,-0.0282826058262249,"chr1",226144680,226144681,"-",0.570429904616411,0,"TUTR","distal pA"
"ACBD5","ENSG00000107897","PAS28393_AATAAA_0.3",0.624406339357998,NA,0.0621039494462821,1,0.803200943411619,0.886443378561225,0.710671863703319,0.723600400894729,0.0129285371914101,"chr10",27195219,27195220,"-",0.717136132299024,0,"TUTR","distal pA"
"ADAR","ENSG00000160710","PAS4199_AATAAA_0.4",0.20896745434749,NA,2.4824946161034,1,0.115119534195186,0.240404635190717,0.819777817703944,0.854279889346305,0.0345020716423615,"chr1",154582068,154582069,"-",0.837028853525125,0,"TUTR","distal pA"
"ADAT1","ENSG00000065457","PAS41910_AATAAA_0.3",0.691253788505456,NA,0.310581424069426,1,0.577323619306214,0.722955981621507,0.767697401611464,0.823441087368027,0.0557436857565629,"chr16",75596868,75596869,"-",0.795569244489746,0,"TUTR","distal pA"
"ADI1","ENSG00000182551","PAS7292_ATTAAA_0.25",0.437929447457572,NA,1.71856415031743,1,0.189877975291469,0.342180043272108,0.177412709294096,0.141691671539884,-0.0357210377542119,"chr2",3497923,3497924,"-",0.15955219041699,0,"TUTR","distal pA"
"ADIPOR1","ENSG00000159346","PAS4673_AATAAA_0.35",0.431244021492194,NA,1.08305598146944,1,0.298014916659352,0.46705399011225,0.915518794339468,0.891709878195542,-0.0238089161439263,"chr1",202940834,202940835,"-",0.903614336267505,0,"TUTR","distal pA"
"AGO2","ENSG00000123908","PAS24609_AATAAA_0.35",2.15222087536721e-31,0.00843663924230542,11.2212886551642,1,0.000808643248193437,0.00456325871150963,0.331214263311697,0.278319156618646,-0.0528951066930507,"chr8",140521947,140521948,"-",0.304766709965171,1,"TUTR","distal pA"
"AK1","ENSG00000106992","PAS26547_AATAAA_0.4",0.690446821271658,NA,1.08771820875313,1,0.296977333540192,0.465943079572798,0.257653493345516,0.202205116222114,-0.0554483771234023,"chr9",127866491,127866492,"-",0.229929304783815,0,"TUTR","distal pA"
"AKAP8","ENSG00000105127","PAS47850_AATAAA_0.1",0.954372928277942,NA,0.00944757571778609,1,0.9225686476473,0.959743603087452,0.726537915547848,0.731652899865498,0.00511498431765023,"chr19",15353522,15353523,"-",0.729095407706673,0,"TUTR","distal pA"
"AMACR","ENSG00000242110","PAS16078_AATAAA_0.1",0.576139077754489,NA,0.206012271344662,1,0.649911062676107,0.77968956011839,0.419754567782871,0.37037037637587,-0.0493841914070007,"chr5",33987172,33987173,"-",0.39506247207937,0,"TUTR","distal pA"
"AMN1","ENSG00000151743","PAS34036_AATAAA_0.4",0.926137416183292,NA,0.0214932744432303,1,0.883443138132289,0.935566858440428,0.45728241653933,0.434362852428212,-0.0229195641111176,"chr12",31671147,31671148,"-",0.445822634483771,0,"TUTR","distal pA"
"ANKH","ENSG00000154122","PAS16027_AATAAA_0.2",0.27603914963156,NA,1.93811773061361,1,0.163873053786279,0.310043624443275,0.23450859590465,0.173431234923948,-0.0610773609807022,"chr5",14709818,14709819,"-",0.203969915414299,0,"TUTR","distal pA"
"ANKRD13C","ENSG00000118454","PAS3547_AATAAA_0.4",0.969696470065315,NA,0.00587011687457561,1,0.938928482900795,0.966635787024371,0.508196167066245,0.513888322900892,0.00569215583464655,"chr1",70260593,70260594,"-",0.511042244983569,0,"TUTR","distal pA"
"ANKRD17","ENSG00000132466","PAS13898_APA_0.2",0.571024008115654,NA,1.20005962638515,1,0.273309761225707,0.440607027109778,0.373262219055865,0.318492136568387,-0.0547700824874779,"chr4",73074785,73074786,"-",0.345877177812126,0,"TUTR","distal pA"
"ANKS6","ENSG00000165138","PAS26287_AATAAA_0.3",0.658703161198748,NA,1.21334708661516,1,0.270670251620483,0.437925150358989,0.84155124885639,0.787612986137431,-0.0539382627189596,"chr9",98732009,98732010,"-",0.81458211749691,0,"TUTR","distal pA"
"ANXA7","ENSG00000138279","PAS28728_AATAAA_0.35",0.695627085991411,NA,0.302529299786329,1,0.58230110473165,0.726996476626016,0.367575062798337,0.348575245745692,-0.0189998170526451,"chr10",73375445,73375446,"-",0.358075154272015,0,"TUTR","distal pA"
"AP1G1","ENSG00000166747","PAS41834_AATAAA_0.35",0.999871189520794,NA,0.00582659579959,1,0.939154855348558,0.966715878235309,0.778770394304951,0.781233961101325,0.00246356679637394,"chr16",71729011,71729012,"-",0.780002177703138,0,"TUTR","distal pA"
"AP3D1","ENSG00000065000","PAS47488_AATAAA_0.15",0.0265827070814828,0,6.85065011655388,1,0.00886090236049426,0.0337056189468319,0.916596478975672,0.84519768150576,-0.071398797469912,"chr19",2100994,2100995,"-",0.880897080240716,0,"TUTR","distal pA"
"AP3S2","ENSG00000157823","PAS39915_AATAAA_0.3",0.465570588205179,NA,2.24508971508794,1,0.134039134241692,0.268594279933344,0.185567328634182,0.249300801894628,0.0637334732604456,"chr15",89830600,89830601,"-",0.217434065264405,0,"TUTR","distal pA"
"APP","ENSG00000142192","PAS50420_AATAAA_0.15",0.736421133943047,NA,0.904247235877847,1,0.341645418153727,0.513991174785141,0.460829646354741,0.434001219700268,-0.026828426654473,"chr21",25880553,25880554,"-",0.447415433027505,0,"TUTR","distal pA"
"ARFIP2","ENSG00000132254","PAS30862_AATAAA_0.4",0.279414987159724,NA,1.91253000293182,1,0.166682492476395,0.313819194091945,0.121305315752924,0.0733719122329733,-0.0479334035199508,"chr11",6474699,6474700,"-",0.0973386139929487,0,"TUTR","distal pA"
"ARGLU1","ENSG00000134884","PAS36274_AATAAA_0.3",0.328801888187288,NA,1.59185353976591,1,0.207061514484235,0.364415943735914,0.668871998746986,0.62722552690832,-0.0416464718386663,"chr13",106543327,106543328,"-",0.648048762827653,0,"TUTR","distal pA"
"ARL5A","ENSG00000162980","PAS8414_AATAAA_0.25",0.237353996987754,NA,2.44906037762075,1,0.117595242270042,0.244203132241271,0.1810403969404,0.12676501193279,-0.0542753850076104,"chr2",151800979,151800980,"-",0.153902704436595,0,"TUTR","distal pA"
"ARL6IP1","ENSG00000170540","PAS41362_AATAAA_0.15",0.450702993927079,NA,0.0220861377247275,1,0.88185818087777,0.934590311998629,0.508993826185237,0.513172860988266,0.0041790348030295,"chr16",18791668,18791669,"-",0.511083343586752,0,"TUTR","distal pA"
"ARMC1","ENSG00000104442","PAS23970_AATAAA_0.3",0.440934674825773,NA,0.269296531275359,1,0.603804055797776,0.744556256808155,0.17139998373487,0.157532823656655,-0.013867160078215,"chr8",65602458,65602459,"-",0.164466403695763,0,"TUTR","distal pA"
"ARMH3","ENSG00000120029","PAS29036_ATTAAA_0.05",0.534262130059677,NA,0.717940842582038,1,0.396820181832158,0.568622797316828,0.887313629778966,0.929223674723709,0.0419100449447425,"chr10",101845598,101845599,"-",0.908268652251337,0,"TUTR","distal pA"
"ARPP19","ENSG00000128989","PAS39447_AATAAA_0.3",0.0786785486395753,NA,1.02868922468042,1,0.310466730021671,0.479651378104238,0.66739795238811,0.700313986847912,0.0329160344598021,"chr15",52547245,52547246,"-",0.683855969618011,0,"TUTR","distal pA"
"ASB8","ENSG00000177981","PAS34158_AATAAA_0.25",0.655249066148782,NA,0.389081073540183,1,0.532782824332071,0.687671383954894,0.878121088878863,0.846931622202546,-0.0311894666763162,"chr12",48147790,48147791,"-",0.862526355540705,0,"TUTR","distal pA"
"ASCC1","ENSG00000138303","PAS28692_ATTAAA_0.15",0.582381266764439,NA,0.578638620554784,1,0.446846433472374,0.6149552012649,0.874017605569682,0.839206951257552,-0.0348106543121298,"chr10",72096521,72096522,"-",0.856612278413617,0,"TUTR","distal pA"
"ATE1","ENSG00000107669","PAS29234_AATAAA_0.1",0.725923416282425,NA,0.00456511220954781,1,0.946131428790224,0.970884917365682,0.762322999370332,0.764362190774525,0.00203919140419251,"chr10",121740424,121740425,"-",0.763342595072429,0,"TUTR","distal pA"
"ATG5","ENSG00000057663","PAS19465_ATTAAA_0.15",0.496870946023417,NA,0.839853907460792,1,0.359438556697791,0.531716548627663,0.216186956011456,0.156493598313614,-0.0596933576978425,"chr6",106184478,106184479,"-",0.186340277162535,0,"TUTR","distal pA"
"ATP13A3","ENSG00000133657","PAS12292_AATAAA_0.3",0.546419869428641,NA,0.102340827191256,1,0.749038430158747,0.850099170735721,0.518410379903265,0.507880766729261,-0.0105296131740039,"chr3",194402679,194402680,"-",0.513145573316263,0,"TUTR","distal pA"
"ATP2B1","ENSG00000070961","PAS34669_AATAAA_0.3",0.000462945460223325,1,1.52282449509948,1,0.217192562831482,0.377245971719978,0.227798988804892,0.278947360300925,0.051148371496033,"chr12",89589806,89589807,"-",0.253373174552908,1,"TUTR","distal pA"
"ATP6V1E1","ENSG00000131100","PAS51246_ATTAAA_0.25",0.594220325396902,NA,0.547147035501439,1,0.459485762671321,0.62648842657923,0.903197215244405,0.882506950551473,-0.0206902646929321,"chr22",17592169,17592170,"-",0.892852082897939,0,"TUTR","distal pA"
"B4GALT6","ENSG00000118276","PAS45713_APA_0.3",0.88896170868589,NA,0.0486900968761006,1,0.825358482553379,0.902516058570653,0.828423213698449,0.810101078523832,-0.0183221351746176,"chr18",31622246,31622247,"-",0.81926214611114,0,"TUTR","distal pA"
"BAG1","ENSG00000107262","PAS25957_AATAAA_0.4",0.3433258457428,NA,1.51137554958405,1,0.218929309644501,0.379351145992529,0.0792764310960926,0.113436591874078,0.034160160777985,"chr9",33253800,33253801,"-",0.0963565114850851,0,"TUTR","distal pA"
"BAIAP2L1","ENSG00000006453","PAS21987_AATAAA_0.2",0.974475703285721,NA,0.00310147320305987,1,0.955588071457845,0.975758598077692,0.0786758881127402,0.0805058738231501,0.00182998571040989,"chr7",98291650,98291651,"-",0.0795908809679452,0,"TUTR","distal pA"
"BBIP1","ENSG00000214413","PAS29120_AATAAA_0.15",0.79389004913393,NA,0.144206547620911,1,0.704134436570185,0.81870098490784,0.536182381474771,0.497634192310704,-0.0385481891640674,"chr10",110898730,110898731,"-",0.516908286892737,0,"TUTR","distal pA"
"BCAP31","ENSG00000185825","PAS53181_AATAAA_0.1",0.305811517647077,NA,1.72680226193188,1,0.188819793958145,0.340839503228928,0.776809640427399,0.809961292610173,0.0331516521827744,"chrX",153700491,153700492,"-",0.793385466518786,0,"TUTR","distal pA"
"BCAT1","ENSG00000060982","PAS33918_AATAAA_0.2",0.000171603852776109,1,2.26903889605819,1,0.131981728722154,0.265354393264545,0.506017252958409,0.478665177203743,-0.0273520757546657,"chr12",24811362,24811363,"-",0.492341215081076,0,"TUTR","distal pA"
"BCL10","ENSG00000142867","PAS3631_AATAAA_0.2",0.711166406721595,NA,0.870784652754878,1,0.350738175170808,0.523172383482086,0.114049730759999,0.169920755868971,0.0558710251089724,"chr1",85265778,85265779,"-",0.141985243314485,0,"TUTR","distal pA"
"BCL9L","ENSG00000186174","PAS31901_ATTAAA_0.1",0.582381266764439,NA,0.578117575898659,1,0.447051118417425,0.6149552012649,0.722140524826092,0.682318654411189,-0.0398218704149031,"chr11",118896136,118896137,"-",0.702229589618641,0,"TUTR","distal pA"
"BID","ENSG00000015475","PAS51248_AATAAA_0.15",0.722689489963669,NA,0.252232989457525,1,0.615507131314489,0.752427834645335,0.120818849146994,0.100191488546758,-0.0206273606002369,"chr22",17734141,17734142,"-",0.110505168846876,0,"TUTR","distal pA"
"BLOC1S2","ENSG00000196072","PAS28994_AATAAA_0.15",0.365862648454775,NA,1.38588960578909,1,0.239100475095705,0.402355422529473,0.875099621403531,0.837220949331597,-0.0378786720719341,"chr10",100274700,100274701,"-",0.856160285367564,0,"TUTR","distal pA"
"BLOC1S5","ENSG00000188428","PAS18640_AATAAA_0.25",0.662906882876856,NA,0.372598652173195,1,0.541591176344028,0.695100410365754,0.224121213820249,0.167655822581632,-0.0564653912386163,"chr6",8013565,8013566,"-",0.19588851820094,0,"TUTR","distal pA"
"BRAP","ENSG00000089234","PAS34899_ATTAAA_0.2",0.322782810575503,NA,1.62161286001128,1,0.202867043859823,0.358725335347947,0.63785952091687,0.573064902445816,-0.0647946184710543,"chr12",111642146,111642147,"-",0.605462211681343,0,"TUTR","distal pA"
"BRD4","ENSG00000141867","PAS47845_AATAAA_0.15",0.0107216315238369,1,0.0950458779734618,1,0.757857782760863,0.856076677696798,0.457080045876011,0.448665337368055,-0.00841470850795584,"chr19",15236839,15236840,"-",0.452872691622033,0,"TUTR","distal pA"
"BUB1","ENSG00000169679","PAS8208_AATAAA_0.15",0.323114169162337,NA,1.61915178131107,1,0.203210100130256,0.358997153542631,0.118740413409935,0.171317274081257,0.0525768606713222,"chr2",110637528,110637529,"-",0.145028843745596,0,"TUTR","distal pA"
"C10orf88","ENSG00000119965","PAS29245_AATAAA_0.1",0.708645566390096,NA,0.279480344497983,1,0.597042019743345,0.738948811386737,0.362291371166736,0.321296000963725,-0.0409953702030114,"chr10",122930900,122930901,"-",0.34179368606523,0,"TUTR","distal pA"
"C17orf75","ENSG00000108666","PAS44100_AATAAA_0.2",0.333425296988096,NA,1.56503602061025,1,0.210929370807753,0.369492328019239,0.342840031127921,0.269199618258306,-0.0736404128696146,"chr17",32328442,32328443,"-",0.306019824693113,0,"TUTR","distal pA"
"C1orf198","ENSG00000119280","PAS4985_AATAAA_0.1",0.721369401838498,NA,0.256181704346091,1,0.612755594864733,0.75142090950098,0.882812170691627,0.90476133224383,0.0219491615522029,"chr1",230837119,230837120,"-",0.893786751467729,0,"TUTR","distal pA"
"C1orf52","ENSG00000162642","PAS3627_ATTAAA_0.2",0.0792901769009599,NA,4.4911229521465,1,0.034071290032536,0.0960300035429876,0.0418207935595638,0.110131754033783,0.068310960474219,"chr1",85249955,85249956,"-",0.0759762737966733,0,"TUTR","distal pA"
"C2CD2","ENSG00000157617","PAS50576_AATAAA_0.15",0.94052727454542,NA,0.01520020705766,1,0.901878156254756,0.948399829583324,0.874011046720789,0.880433262159666,0.00642221543887678,"chr21",41885112,41885113,"-",0.877222154440228,0,"TUTR","distal pA"
"C4orf3","ENSG00000164096","PAS14205_AATAAA_0.2",0.330003053146338,NA,1.58224599222331,1,0.208437472867566,0.365946685702326,0.135463313212173,0.0940006308877282,-0.0414626823244448,"chr4",119297054,119297055,"-",0.114731972049951,0,"TUTR","distal pA"
"C5orf63","ENSG00000164241","PAS16674_AATAAA_0.35",0.792101801796073,NA,0.434794997796416,1,0.509645446820722,0.669022112325033,0.493668526014375,0.431818181817935,-0.0618503441964397,"chr5",127045218,127045219,"-",0.462743353916155,0,"TUTR","distal pA"
"C9orf40","ENSG00000135045","PAS26094_AATAAA_0.35",0.880595126545348,NA,0.0544158481592376,1,0.815550162745262,0.894876593428075,0.131035579499987,0.160163318616856,0.029127739116869,"chr9",74946955,74946956,"-",0.145599449058421,0,"TUTR","distal pA"
"CAMK2N1","ENSG00000162545","PAS2851_AATAAA_0.05",0.18974584873627,NA,2.67836305788251,1,0.101720240144392,0.220651367131955,0.234274283187619,0.166406414487717,-0.0678678686999017,"chr1",20482395,20482396,"-",0.200340348837668,0,"TUTR","distal pA"
"CARHSP1","ENSG00000153048","PAS41270_AATAAA_0.15",0.188310800906854,NA,2.69558215194229,1,0.10062672965252,0.219412807132749,0.184572096623207,0.232140616027251,0.0475685194040438,"chr16",8852948,8852949,"-",0.208356356325229,0,"TUTR","distal pA"
"CAVIN1","ENSG00000177469","PAS44310_AATAAA_0.3",0.623201751440408,NA,0.46886697201262,1,0.493508876662537,0.655777699582313,0.896081652602018,0.885296488572938,-0.0107851640290797,"chr17",42402455,42402456,"-",0.890689070587478,0,"TUTR","distal pA"
"CBX4","ENSG00000141582","PAS44981_ATTAAA_0.15",0.272175776576384,NA,1.96620624565185,1,0.160851124025905,0.305525569544461,0.747297636882468,0.805825416457368,0.0585277795749006,"chr17",79833157,79833158,"-",0.776561526669918,0,"TUTR","distal pA"
"CBX5","ENSG00000094916","PAS34308_AATAAA_0.3",0.317747013633966,NA,0.548094534658958,1,0.459097313093756,0.626361221984593,0.362901623042126,0.340081705865707,-0.0228199171764193,"chr12",54230948,54230949,"-",0.351491664453917,0,"TUTR","distal pA"
"CCDC149","ENSG00000181982","PAS13700_ATTAAA_0.15",0.799240903085793,NA,0.138396205492654,1,0.709880635239738,0.823122613795383,0.211674405632164,0.176769461164765,-0.0349049444673988,"chr4",24806117,24806118,"-",0.194221933398465,0,"TUTR","distal pA"
"CCDC186","ENSG00000165813","PAS29136_ATTAAA_0.25",0.721335619607123,NA,0.25732442454148,1,0.611964298351759,0.751294003774379,0.80035929179662,0.756397174009005,-0.043962117787615,"chr10",114120863,114120864,"-",0.778378232902812,0,"TUTR","distal pA"
"CCDC43","ENSG00000180329","PAS44386_AATAAA_0.1",0.980162806770327,NA,0.00198988296415337,1,0.96441968284014,0.981618563378862,0.690881354958902,0.692356887121086,0.00147553216218443,"chr17",44677439,44677440,"-",0.691619121039994,0,"TUTR","distal pA"
"CCDC69","ENSG00000198624","PAS16978_APA_0.15",0.527580436683738,NA,0.739573160627174,1,0.389797644291572,0.562292067970982,0.893111968826799,0.927983264167238,0.0348712953404393,"chr5",151181052,151181053,"-",0.910547616497019,0,"TUTR","distal pA"
"CCDC85C","ENSG00000205476","PAS38072_APA_0.3",0.221928966520812,NA,2.36174311825198,1,0.124343179823718,0.254254839573619,0.151306843057053,0.0889436201443374,-0.0623632229127159,"chr14",99511261,99511262,"-",0.120125231600695,0,"TUTR","distal pA"
"CCNA2","ENSG00000145386","PAS14227_AATAAA_0.1",0.722356905867161,NA,0.00668364724765524,1,0.934842673134303,0.965178143584214,0.728271533543103,0.731422626321386,0.00315109277828229,"chr4",121816444,121816445,"-",0.729847079932244,0,"TUTR","distal pA"
"CCNI","ENSG00000118816","PAS13954_AATAAA_0.15",0.000274267690638686,2.98164892116651e-05,19.2559225889127,1,1.14315200607093e-05,0.000110765726396136,0.249283228543683,0.212872657420806,-0.0364105711228763,"chr4",77047156,77047157,"-",0.231077942982245,0,"TUTR","distal pA"
"CCNL2","ENSG00000221978","PAS2568_AATAAA_0.45",0.0397658759879678,1,-0.000389295821150881,1,1,1,0.844305303503247,0.844848462220763,0.00054315871751609,"chr1",1386707,1386708,"-",0.844576882862005,0,"TUTR","distal pA"
"CD2BP2","ENSG00000169217","PAS41504_AATAAA_0.2",0.36728131021662,NA,1.37459730123419,1,0.241023571535563,0.404388826249649,0.316255241950467,0.263572527404103,-0.0526827145463641,"chr16",30350774,30350775,"-",0.289913884677285,0,"TUTR","distal pA"
"CDAN1","ENSG00000140326","PAS39304_AATAAA_0.3",0.94178036267258,NA,0.0144085595979959,1,0.90445489982156,0.949255376508181,0.700670098038933,0.710803813147714,0.010133715108781,"chr15",42723563,42723564,"-",0.705736955593323,0,"TUTR","distal pA"
"CDC25C","ENSG00000158402","PAS16819_AATAAA_0.2",0.82186761977509,NA,0.1101962054517,1,0.739920869200936,0.844390973508005,0.705185477224318,0.675026520946534,-0.0301589562777842,"chr5",138285271,138285272,"-",0.690105999085426,0,"TUTR","distal pA"
"CDC42EP3","ENSG00000163171","PAS7550_AATAAA_0.35",0.0373918965033794,0.736359269443287,2.80270004165686,1,0.0941057111136672,0.208935294976482,0.435586175898113,0.498825240139614,0.0632390642415011,"chr2",37643973,37643974,"-",0.467205708018863,0,"TUTR","distal pA"
"CDC42SE1","ENSG00000197622","PAS4103_AATAAA_0.45",0.758684188964063,NA,0.194258662481843,1,0.659395555274251,0.786523400670008,0.892591763340143,0.881556859754906,-0.0110349035852367,"chr1",151050988,151050989,"-",0.887074311547524,0,"TUTR","distal pA"
"CDH2","ENSG00000170558","PAS45697_AATAAA_0.2",0.350045677239219,NA,1.46777578973342,1,0.225696952095625,0.386395794977025,0.883901899289597,0.910476393329209,0.0265744940396119,"chr18",27950971,27950972,"-",0.897189146309403,0,"TUTR","distal pA"
"CDK6","ENSG00000105810","PAS21951_APA_0.35",0.610954320322652,NA,1.44426530548208,1,0.229450366511659,0.390654501454238,0.474590579485201,0.526314911312364,0.0517243318271634,"chr7",92606637,92606638,"-",0.500452745398782,0,"TUTR","distal pA"
"CEP170","ENSG00000143702","PAS5079_AATAAA_0.35",0.837042810384586,NA,0.0941582573213964,1,0.758955892758557,0.8562442615811,0.422098563528431,0.431169623688522,0.00907106016009118,"chr1",243124428,243124429,"-",0.426634093608477,0,"TUTR","distal pA"
"CEP41","ENSG00000106477","PAS22271_AATAAA_0.3",0.789744921378515,NA,0.149540015921957,1,0.698975323614735,0.814609126646337,0.784090846955472,0.73768333837616,-0.0464075085793124,"chr7",130397422,130397423,"-",0.760887092665816,0,"TUTR","distal pA"
"CERS5","ENSG00000139624","PAS34221_ATTAAA_0.2",0.421562772524014,NA,1.12488922610828,1,0.288868107580598,0.45730421945819,0.886256653059721,0.857405252293932,-0.0288514007657897,"chr12",50129798,50129799,"-",0.871830952676826,0,"TUTR","distal pA"
"CETN2","ENSG00000147400","PAS53173_APA_0.3",0.482158575182967,NA,0.888638783283227,1,0.345846451438358,0.51766822366123,0.817670611799082,0.744454363207587,-0.0732162485914944,"chrX",152827328,152827329,"-",0.781062487503335,0,"TUTR","distal pA"
"CFAP97","ENSG00000164323","PAS14494_AATAAA_0.25",0.632280123190914,NA,0.410336447924465,1,0.521798787075208,0.679288477011772,0.0987176213400678,0.129953088800967,0.0312354674608995,"chr4",185159666,185159667,"-",0.114335355070518,0,"TUTR","distal pA"
"CFL2","ENSG00000165410","PAS37440_AATAAA_0.3",0.421667169668565,NA,1.12363216012727,1,0.289137698062565,0.457390052107504,0.304083885059471,0.255999883954776,-0.048084001104695,"chr14",34710447,34710448,"-",0.280041884507124,0,"TUTR","distal pA"
"CHD8","ENSG00000100888","PAS37315_AATAAA_0.05",0.758684188964063,NA,0.19418382321328,1,0.659457032835472,0.786523400670008,0.461132662781899,0.444574257821735,-0.0165584049601643,"chr14",21385198,21385199,"-",0.452853460301817,0,"TUTR","distal pA"
"CHFR","ENSG00000072609","PAS35295_AATAAA_0",0.879374819755827,NA,0.0559764015162614,1,0.812972298948232,0.893589705736409,0.81198553328479,0.794639502442948,-0.0173460308418423,"chr12",132840351,132840352,"-",0.803312517863869,0,"TUTR","distal pA"
"CHKA","ENSG00000110721","PAS31475_AATAAA_0.25",0.646496954935448,NA,0.410687384470293,1,0.521620822213248,0.679192691561036,0.539360796929441,0.498908384393034,-0.0404524125364071,"chr11",68052860,68052861,"-",0.519134590661238,0,"TUTR","distal pA"
"CHMP4A","ENSG00000254505","PAS37375_AATAAA_0.25",0.783015345407701,NA,0.158293471138677,1,0.690732560644382,0.809264680981844,0.775429086422234,0.754300987618277,-0.0211280988039568,"chr14",24209616,24209617,"-",0.764865037020256,0,"TUTR","distal pA"
"CHORDC1","ENSG00000110172","PAS31691_AATAAA_0.25",0.621406425862025,NA,2.17726322943326,1,0.140063331946397,0.27763048569969,0.175410085455508,0.110998670532593,-0.0644114149229151,"chr11",90200441,90200442,"-",0.143204377994051,0,"TUTR","distal pA"
"CIAPIN1","ENSG00000005194","PAS41641_AATAAA_0.25",0.511467663358343,NA,0.790158936686112,1,0.374052070866573,0.546300740537229,0.411693491668962,0.468101660519581,0.056408168850619,"chr16",57428189,57428190,"-",0.439897576094271,0,"TUTR","distal pA"
"CIR1","ENSG00000138433","PAS8572_ATTAAA_0.3",0.544230060290159,NA,0.688602931160858,1,0.406639982469618,0.577810843520242,0.230298393035489,0.181043569982453,-0.0492548230530355,"chr2",174348151,174348152,"-",0.205670981508971,0,"TUTR","distal pA"
"CIT","ENSG00000122966","PAS35015_AATAAA_0.25",0.957910592628004,NA,0.00781941560671839,1,0.929536937193466,0.962987197498564,0.644203061358984,0.639654252943953,-0.00454880841503136,"chr12",119685792,119685793,"-",0.641928657151468,0,"TUTR","distal pA"
"CKAP4","ENSG00000136026","PAS34815_AATAAA_0.2",0.118740989196205,NA,3.64025621055043,1,0.0563982545681601,0.141408571617624,0.690734684089078,0.640238135033914,-0.0504965490551643,"chr12",106237881,106237882,"-",0.665486409561496,0,"TUTR","distal pA"
"CLASP1","ENSG00000074054","PAS8280_AATAAA_0.2",0.924873748350177,NA,0.0222340957761844,1,0.881466031750513,0.934385587420122,0.838043481811927,0.847137796075036,0.00909431426310836,"chr2",121337777,121337778,"-",0.842590638943482,0,"TUTR","distal pA"
"CLCC1","ENSG00000121940","PAS3804_AATAAA_0.15",0.776253461028861,NA,0.688073825454921,1,0.406820317771825,0.577810843520242,0.335087545438078,0.293807325057022,-0.0412802203810552,"chr1",108929938,108929939,"-",0.31444743524755,0,"TUTR","distal pA"
"CLMN","ENSG00000165959","PAS38050_APA_0.25",0.917000314788569,NA,0.0269662428770232,1,0.86956266813284,0.927624328923898,0.376353902653764,0.357865579627638,-0.0184883230261258,"chr14",95181940,95181941,"-",0.367109741140701,0,"TUTR","distal pA"
"CLPB","ENSG00000162129","PAS31540_AATAAA_0.35",0.599284576879564,NA,0.532573624707823,1,0.465526859470066,0.63116284874807,0.180631193433052,0.130397900528644,-0.0502332929044077,"chr11",72289555,72289556,"-",0.155514546980848,0,"TUTR","distal pA"
"CNBP","ENSG00000169714","PAS11799_AATAAA_0.15",0.155374531145145,NA,2.77573664209922,1,0.0957026169393682,0.21140352304057,0.873342637447874,0.893073016238565,0.0197303787906918,"chr3",129169568,129169569,"-",0.88320782684322,0,"TUTR","distal pA"
"CNIH1","ENSG00000100528","PAS37621_AATAAA_0.3",0.132513345575362,NA,1.06493470747591,1,0.302092384865928,0.470922676177286,0.795012812470934,0.820711952793377,0.0256991403224427,"chr14",54426935,54426936,"-",0.807862382632156,0,"TUTR","distal pA"
"CNOT7","ENSG00000198791","PAS23668_AATAAA_0.3",0.892674414479502,NA,0.211212191749837,1,0.645818955169805,0.776312763743877,0.209468236237171,0.187716561788874,-0.0217516744482966,"chr8",17229230,17229231,"-",0.198592399013023,0,"TUTR","distal pA"
"COA5","ENSG00000183513","PAS8095_AATAAA_0.35",0.627652428661868,NA,0.456603941425101,1,0.499215417289884,0.660527730065405,0.185480514716914,0.145141484046577,-0.0403390306703373,"chr2",98599402,98599403,"-",0.165310999381746,0,"TUTR","distal pA"
"COMMD5","ENSG00000170619","PAS24748_AATAAA_0.35",0.975644829482045,NA,0.00286291306338171,1,0.957328593634447,0.977152481685553,0.268045225467249,0.270226120118113,0.00218089465086396,"chr8",144850177,144850178,"-",0.269135672792681,0,"TUTR","distal pA"
"COQ2","ENSG00000173085","PAS14017_AATAAA_0.15",0.65085707771261,NA,0.400915285467931,1,0.526616943580956,0.683280001402,0.80534495439088,0.759184392418469,-0.0461605619724119,"chr4",83263825,83263826,"-",0.782264673404675,0,"TUTR","distal pA"
"CORO1C","ENSG00000110880","PAS34835_APA_0.25",0.0342910103394757,0.189994159451367,4.37726043333896,1,0.036421491976597,0.100770244045299,0.772595092593967,0.720772392835847,-0.0518226997581198,"chr12",108645112,108645113,"-",0.746683742714907,0,"TUTR","distal pA"
"CREBZF","ENSG00000137504","PAS31662_APA_0.3",4.28846093760127e-05,1,0.00536813437611272,1,0.94159321094622,0.96830665829328,0.366589345918355,0.370533713125257,0.00394436720690239,"chr11",85659715,85659716,"-",0.368561529521806,1,"TUTR","distal pA"
"CREG1","ENSG00000143162","PAS4391_ATTAAA_0.2",0.690585886052034,NA,0.3119327241061,1,0.576496603249945,0.722522421081724,0.920734527785716,0.896339776726029,-0.0243947510596869,"chr1",167541015,167541016,"-",0.908537152255873,0,"TUTR","distal pA"
"CSDE1","ENSG00000009307","PAS3925_AATAAA_0.25",2.71195132577441e-10,1.19109215534753e-07,29.8925681939436,1,4.56659862646801e-08,7.64802418612975e-07,0.551495506093593,0.616707354426137,0.0652118483325431,"chr1",114717294,114717295,"-",0.584101430259865,0,"TUTR","distal pA"
"CSPG4","ENSG00000173546","PAS39784_AATAAA_0.25",0.125561416207263,NA,3.52141698827018,1,0.0605806332264077,0.149249485076722,0.174150900993568,0.232642115238302,0.0584912142447341,"chr15",75674324,75674325,"-",0.203396508115935,0,"TUTR","distal pA"
"CSTF2T","ENSG00000177613","PAS28577_AATAAA_0.3",0.823469578125348,NA,0.108332868192321,1,0.742050183041615,0.845856607561513,0.258047223124712,0.292891829024238,0.0348446058995261,"chr10",51695486,51695487,"-",0.275469526074475,0,"TUTR","distal pA"
"CTC1","ENSG00000178971","PAS43825_AATAAA_0.1",0.721526590074497,NA,0.255379166846978,1,0.613312652180554,0.751510126443664,0.429997215508618,0.465598106057392,0.0356008905487737,"chr17",8224821,8224822,"-",0.447797660783005,0,"TUTR","distal pA"
"CTPS2","ENSG00000047230","PAS52547_AATAAA_0.15",0.98741412264628,NA,0.000867887229901498,1,0.976497779613269,0.987347754942305,0.31953011711972,0.316991488453171,-0.00253862866654858,"chrX",16588000,16588001,"-",0.318260802786446,0,"TUTR","distal pA"
"CUEDC1","ENSG00000180891","PAS44596_AATAAA_0.05",0.504029134547896,NA,0.816897781661964,1,0.366088745618643,0.538599530439277,0.461709826820424,0.401599701931579,-0.0601101248888445,"chr17",57861603,57861604,"-",0.431654764376001,0,"TUTR","distal pA"
"CZIB","ENSG00000162384","PAS3408_ATTAAA_0.35",0.313266632964896,NA,1.67900657213977,1,0.195056508010057,0.348567747697731,0.670859617112449,0.616251437861597,-0.0546081792508519,"chr1",53214159,53214160,"-",0.643555527487023,0,"TUTR","distal pA"
"DARS1","ENSG00000115866","PAS8357_AATAAA_0.25",0.0813093493487844,NA,4.43451233280393,1,0.0352192798673864,0.0982861867714513,0.360046300274716,0.312857442311329,-0.0471888579633865,"chr2",135906683,135906684,"-",0.336451871293023,0,"TUTR","distal pA"
"DBN1","ENSG00000113758","PAS17157_AATAAA_0",0.320671826953607,NA,1.63748613037569,1,0.200670730258828,0.356252686536404,0.0953238322009425,0.0658747810325354,-0.029449051168407,"chr5",177456612,177456613,"-",0.080599306616739,0,"TUTR","distal pA"
"DCAF8","ENSG00000132716","PAS4317_APA_0.1",6.60177452082355e-05,0.684069585020372,1.25673781508158,1,0.262269482116697,0.428952857367917,0.642233523975127,0.600318742947523,-0.0419147810276044,"chr1",160215720,160215721,"-",0.621276133461325,0,"TUTR","distal pA"
"DCLRE1C","ENSG00000152457","PAS28247_AATAAA_0.3",0.94188251450512,NA,0.194925627715747,1,0.658848292831894,0.786351761885506,0.225969027422409,0.241578093881037,0.0156090664586278,"chr10",14906873,14906874,"-",0.233773560651723,0,"TUTR","distal pA"
"DDHD1","ENSG00000100523","PAS37607_ATTAAA_0.35",0.60220568241903,NA,0.177244325147626,1,0.673752198168246,0.796593935241902,0.500973970771655,0.53381766151027,0.0328436907386142,"chr14",53036756,53036757,"-",0.517395816140962,0,"TUTR","distal pA"
"DDX17","ENSG00000100201","PAS51530_AATAAA_0.2",0.22851063842971,NA,2.71787540322657,1,0.0992300164087532,0.217127809267852,0.695645073209976,0.729947665595264,0.0343025923852881,"chr22",38483439,38483440,"-",0.71279636940262,0,"TUTR","distal pA"
"DDX51","ENSG00000185163","PAS35272_ATTAAA_0.2",0.418735362340309,NA,0.00115976704773857,1,0.972833011196636,0.985249900747282,0.261509570859249,0.259398045784964,-0.00211152507428575,"chr12",132136596,132136597,"-",0.260453808322106,0,"TUTR","distal pA"
"DDX6","ENSG00000110367","PAS31899_AATAAA_0.2",0.725923416282425,NA,0.246617932829395,1,0.619466627495096,0.755967424743893,0.886067008243345,0.868583850883844,-0.0174831573595011,"chr11",118747765,118747766,"-",0.877325429563594,0,"TUTR","distal pA"
"DEDD","ENSG00000158796","PAS4348_AATAAA_0.05",0.359054181017359,NA,0.829919915255232,1,0.362295687363284,0.53477243417178,0.594794510763839,0.63911688684959,0.0443223760857515,"chr1",161121331,161121332,"-",0.616955698806714,0,"TUTR","distal pA"
"DENND11","ENSG00000257093","PAS22391_ATTAAA_0.2",0.890268252282916,NA,0.0476922839639542,1,0.827128659922425,0.903350839410031,0.506043855475013,0.532227798929467,0.0261839434544532,"chr7",141656729,141656730,"-",0.51913582720224,0,"TUTR","distal pA"
"DENND1B","ENSG00000213047","PAS4605_AATAAA_0.3",0.607757521037785,NA,0.509304609692776,1,0.475440040256454,0.639803644659487,0.705194054665867,0.769335319774252,0.0641412651083845,"chr1",197504750,197504751,"-",0.737264687220059,0,"TUTR","distal pA"
"DENND5A","ENSG00000184014","PAS30907_AATAAA_0.4",0.598337194547241,NA,0.534631604417882,1,0.464666119169666,0.630389930020315,0.796758246380797,0.76589174454995,-0.0308665018308476,"chr11",9138829,9138830,"-",0.781324995465373,0,"TUTR","distal pA"
"DESI1","ENSG00000100418","PAS51603_AATAAA_0.15",0.295077801043751,NA,1.80087107150621,1,0.179607222245654,0.32955848605227,0.395836161729457,0.333583105671456,-0.062253056058001,"chr22",41598028,41598029,"-",0.364709633700457,0,"TUTR","distal pA"
"DGCR2","ENSG00000070413","PAS51255_AATAAA_0.25",0.803220361244978,NA,0.132592839810513,1,0.715758697404333,0.826837425353408,0.855409613693977,0.83870042814613,-0.0167091855478468,"chr22",19036287,19036288,"-",0.847055020920054,0,"TUTR","distal pA"
"DHX15","ENSG00000109606","PAS13695_AATAAA_0.25",0.850845740525283,NA,0.0797013159744893,1,0.777702586742689,0.868649865593998,0.881513321390614,0.888600035678701,0.0070867142880866,"chr4",24527476,24527477,"-",0.885056678534658,0,"TUTR","distal pA"
"DHX33","ENSG00000005100","PAS43752_ATTAAA_0.15",0.948690811253911,NA,0.0114855721731146,1,0.91465351055811,0.955588765673997,0.43688243081004,0.441878058875469,0.00499562806542958,"chr17",5440917,5440918,"-",0.439380244842754,0,"TUTR","distal pA"
"DLC1","ENSG00000164741","PAS23656_AATAAA_0.25",0.03094093217292,0.027045373749341,6.57036201478877,1,0.0103690857220043,0.0380306968716016,0.310277479196896,0.251446148894849,-0.0588313303020467,"chr8",13083362,13083363,"-",0.280861814045872,0,"TUTR","distal pA"
"DLG1","ENSG00000075711","PAS12391_ATTAAA_0.2",0.0398072700891527,0.172617980300118,5.24101948841508,1,0.0220603426360462,0.068464402271135,0.132441768230597,0.0764669222538857,-0.055974845976711,"chr3",197042560,197042561,"-",0.104454345242241,0,"TUTR","distal pA"
"DNAJC8","ENSG00000126698","PAS3011_AATAAA_0.25",0.114824841641903,NA,5.70828922690316,1,0.0168849865974762,0.0556404990106248,0.837632825881662,0.905088726951864,0.0674559010702022,"chr1",28200558,28200559,"-",0.871360776416763,0,"TUTR","distal pA"
"DONSON","ENSG00000159147","PAS50484_AATAAA_0.25",0.82186761977509,NA,0.174021283159618,1,0.67656241729491,0.798920756466303,0.111651031046455,0.131412583630881,0.0197615525844259,"chr21",33577473,33577474,"-",0.121531807338668,0,"TUTR","distal pA"
"DPH5","ENSG00000117543","PAS3782_AATAAA_0.4",0.524685682767293,NA,0.748034261193425,1,0.387099309831537,0.559658252214367,0.187186144884524,0.161188413963287,-0.025997730921237,"chr1",100989626,100989627,"-",0.174187279423905,0,"TUTR","distal pA"
"DPP8","ENSG00000074603","PAS39643_AATAAA_0.25",0.19442207895163,NA,3.14851374810405,1,0.0759961534114334,0.17757275525775,0.283026905289837,0.21131843892415,-0.0717084663656869,"chr15",65442468,65442469,"-",0.247172672106993,0,"TUTR","distal pA"
"DRAM2","ENSG00000156171","PAS3849_AATAAA_0.3",0.19442207895163,NA,3.95383803768072,1,0.0467645934172042,0.122321136510166,0.209429994708873,0.147263570718049,-0.0621664239908238,"chr1",111117332,111117333,"-",0.178346782713461,0,"TUTR","distal pA"
"DSTYK","ENSG00000133059","PAS4708_AATAAA_0.1",0.66961986760372,NA,1.85384376985121,1,0.173337002178186,0.322095446143757,0.401586100996049,0.338960152229815,-0.062625948766234,"chr1",205142504,205142505,"-",0.370273126612932,0,"TUTR","distal pA"
"DUSP11","ENSG00000144048","PAS7902_ATTAAA_0.3",0.830978198953756,NA,0.100489403470874,1,0.75124311937121,0.851784151988983,0.787538550599015,0.807413955577883,0.0198754049788672,"chr2",73762214,73762215,"-",0.797476253088449,0,"TUTR","distal pA"
"DUSP6","ENSG00000139318","PAS34662_AATAAA_0.35",0.598092953979296,NA,0.536152054814011,1,0.464031829333114,0.630150406899771,0.463187550972763,0.492476309080068,0.0292887581073049,"chr12",89348061,89348062,"-",0.477831930026415,0,"TUTR","distal pA"
"DYNC1LI2","ENSG00000135720","PAS41697_AATAAA_0.15",0.146167126632668,NA,4.38408846552193,1,0.0362758843558859,0.100416524808156,0.400602397832375,0.35024937900538,-0.0503530188269939,"chr16",66720896,66720897,"-",0.375425888418877,0,"TUTR","distal pA"
"EDC3","ENSG00000179151","PAS39749_AATAAA_0.1",0.478364137549809,NA,0.904192011968689,1,0.341660159985512,0.513991174785141,0.690217635501752,0.744544009825,0.0543263743232482,"chr15",74630558,74630559,"-",0.717380822663376,0,"TUTR","distal pA"
"EEF1A1","ENSG00000156508","PAS19265_AATAAA_0.3",0.999871189520794,NA,0.0240643197539612,1,0.876721365569004,0.931708871388277,0.187276326433165,0.185228289495484,-0.0020480369376813,"chr6",73515751,73515752,"-",0.186252307964324,0,"TUTR","distal pA"
"EEF1AKMT2","ENSG00000203791","PAS29264_APA_0.1",0.359054181017359,NA,0.00658045309108957,1,0.935346526819438,0.965178143584214,0.731909858762175,0.739699233453848,0.00778937469167229,"chr10",124759954,124759955,"-",0.735804546108012,0,"TUTR","distal pA"
"EFNA5","ENSG00000184349","PAS16551_AATAAA_0.2",0.0281269008063917,0.322639290583535,2.36985444085076,1,0.123698584917092,0.253414623036227,0.235418232958689,0.177208772218507,-0.0582094607401819,"chr5",107376895,107376896,"-",0.206313502588598,0,"TUTR","distal pA"
"EHD4","ENSG00000103966","PAS39284_APA_0.25",0.742391098968673,NA,0.218500866289105,1,0.640184564692635,0.772364337135663,0.214189946171146,0.234935334381969,0.0207453882108224,"chr15",41898383,41898384,"-",0.224562640276557,0,"TUTR","distal pA"
"EIF3A","ENSG00000107581","PAS29199_AATAAA_0.1",0.0163296030345463,0.166532606702619,3.43449969326684,1,0.0638479205505659,0.155067747317005,0.173054968774159,0.139546574438595,-0.033508394335564,"chr10",119035040,119035041,"-",0.156300771606377,0,"TUTR","distal pA"
"ELP1","ENSG00000070061","PAS26332_ATTAAA_0.3",0.400639815401129,NA,1.21538165605216,1,0.270268911766218,0.437711182179689,0.114928297932619,0.152643293657093,0.0377149957244733,"chr9",108868168,108868169,"-",0.133785795794856,0,"TUTR","distal pA"
"EMB","ENSG00000170571","PAS16200_AATAAA_0.15",0.781338648446232,NA,0.530861395163583,1,0.46624493608694,0.631675726527783,0.76574097489289,0.712902133987439,-0.0528388409054514,"chr5",50396192,50396193,"-",0.739321554440165,0,"TUTR","distal pA"
"ENAH","ENSG00000154380","PAS4906_AATAAA_0.15",0.00137954939100359,0.871545484096193,3.35922789089818,1,0.0668293950675345,0.160393013281783,0.211950121349167,0.168070306161458,-0.0438798151877099,"chr1",225494816,225494817,"-",0.190010213755313,0,"TUTR","distal pA"
"ENSG00000264058","ENSG00000264058","PAS44248_AATAAA_0.4",0.331477419389114,NA,3.09079055061375,1,0.0787365466475878,0.181994252898093,0.210151841813656,0.174648366958656,-0.0355034748549999,"chr17",40627716,40627717,"-",0.192400104386156,0,"TUTR","distal pA"
"ENSG00000285330","ENSG00000285330","PAS14167_APA_0.25",0.52833339819333,NA,0.736810263704683,1,0.3906845841876,0.562947458092486,0.706275462839605,0.645890608389851,-0.0603848544497548,"chr4",109713918,109713919,"-",0.676083035614728,0,"TUTR","distal pA"
"ENSG00000285982","ENSG00000285982","PAS24350_AATAAA_0.4",0.752182865532791,NA,0.203484050427505,1,0.651923196973039,0.781095346856657,0.824556396039794,0.803159717464052,-0.0213966785757413,"chr8",103398968,103398969,"-",0.813858056751923,0,"TUTR","distal pA"
"ENTR1","ENSG00000165689","PAS26712_AATAAA_0.1",0.241712752140306,NA,2.20069303825039,1,0.137948704600725,0.274400258784659,0.68977207714617,0.752050860942869,0.0622787837966994,"chr9",136401922,136401923,"-",0.720911469044519,0,"TUTR","distal pA"
"EPHA2","ENSG00000142627","PAS2784_AATAAA_0.25",0.0616913349407715,NA,5.03348384234596,1,0.024861839613177,0.0751514794160911,0.924335590512679,0.882303386192965,-0.0420322043197138,"chr1",16124343,16124344,"-",0.903319488352822,0,"TUTR","distal pA"
"EPM2AIP1","ENSG00000178567","PAS11035_AATAAA_0.2",0.261336222080682,NA,1.01299619495194,1,0.31418611192535,0.483903879096293,0.102619480816891,0.0767398647127795,-0.0258796161041112,"chr3",36987867,36987868,"-",0.0896796727648351,0,"TUTR","distal pA"
"ERGIC2","ENSG00000087502","PAS33994_AATAAA_0.4",0.446368948307427,NA,0.212366386302165,1,0.644918943592562,0.775724604388058,0.404220521825931,0.413272822776837,0.0090523009509057,"chr12",29340716,29340717,"-",0.408746672301384,0,"TUTR","distal pA"
"ERP44","ENSG00000023318","PAS26300_AATAAA_0.15",0.271645475148227,NA,0.650245321590774,1,0.420024984345793,0.590576458270319,0.110364720533406,0.0896012941423519,-0.0207634263910539,"chr9",99982137,99982138,"-",0.0999830073378789,0,"TUTR","distal pA"
"ETS1","ENSG00000134954","PAS31986_ATTAAA_0.1",0.394196297287631,NA,2.64707684804125,1,0.103740501748371,0.224211119291073,0.876574730626393,0.832356415404799,-0.0442183152215943,"chr11",128458766,128458767,"-",0.854465573015596,0,"TUTR","distal pA"
"ETV1","ENSG00000006468","PAS21353_AATAAA_0.25",0.0221504808474288,0.868512995398512,2.54000013117547,1,0.110994777189714,0.234400362799375,0.201267249029805,0.157820949705857,-0.0434462993239484,"chr7",13893271,13893272,"-",0.179544099367831,0,"TUTR","distal pA"
"EXOC5","ENSG00000070367","PAS37654_AATAAA_0.15",0.0678102407379568,NA,4.03316972899665,1,0.0446140438383402,0.118096532235216,0.188370092829701,0.14072916122593,-0.0476409316037712,"chr14",57206592,57206593,"-",0.164549627027816,0,"TUTR","distal pA"
"EXOC8","ENSG00000116903","PAS4996_AATAAA_0.45",0.395755657579475,NA,1.24033968398703,1,0.265405598481021,0.432393159204119,0.863246670845303,0.921797317214249,0.0585506463689455,"chr1",231332747,231332748,"-",0.892521994029776,0,"TUTR","distal pA"
"EXT1","ENSG00000182197","PAS24433_AATAAA_0.1",0.130409872888594,NA,3.43106541924499,1,0.0639808137325769,0.155314407843749,0.193288776556169,0.153718103608653,-0.0395706729475159,"chr8",117794491,117794492,"-",0.173503440082411,0,"TUTR","distal pA"
"EXTL2","ENSG00000162694","PAS3777_AATAAA_0.15",0.4245308021682,NA,1.11094786824879,1,0.291875995816935,0.459939735234412,0.608236418631351,0.537136306647307,-0.0711001119840435,"chr1",100872391,100872392,"-",0.572686362639329,0,"TUTR","distal pA"
"EZR","ENSG00000092820","PAS19818_AATAAA_0.25",0.0566568997244979,NA,0.451285695706247,1,0.501725029524591,0.662232255726089,0.734238937172376,0.716383355813779,-0.0178555813585968,"chr6",158765748,158765749,"-",0.725311146493077,0,"TUTR","distal pA"
"FADS1","ENSG00000149485","PAS31264_AATAAA_0.4",0.724536626997245,NA,0.917277537963855,1,0.338190818698666,0.50999564261709,0.220907099977306,0.197498995585463,-0.0234081043918428,"chr11",61799630,61799631,"-",0.209203047781385,0,"TUTR","distal pA"
"FAM114A2","ENSG00000055147","PAS16998_AATAAA_0.2",0.761881679460174,NA,0.188529396797776,1,0.664143416450577,0.78948554656722,0.410387972722783,0.376620163809169,-0.033767808913614,"chr5",153991765,153991766,"-",0.393504068265976,0,"TUTR","distal pA"
"FAM168B","ENSG00000152102","PAS8333_AATAAA_0.2",0.828272857236796,NA,0.103715891768843,1,0.747415181561614,0.849368068960029,0.917431217601376,0.909045850742149,-0.00838536685922664,"chr2",131047876,131047877,"-",0.913238534171762,0,"TUTR","distal pA"
"FAM204A","ENSG00000165669","PAS29184_AATAAA_0.3",0.593577547729666,NA,1.97294503652302,1,0.160135609641469,0.304923132611126,0.244224942078024,0.190771219987947,-0.0534537220900767,"chr10",118309918,118309919,"-",0.217498081032986,0,"TUTR","distal pA"
"FBXL3","ENSG00000005812","PAS36169_AATAAA_0.15",0.892172658185207,NA,0.046010283094688,1,0.830157106811125,0.904807529776208,0.892308936188652,0.881300369696666,-0.0110085664919866,"chr13",77005260,77005261,"-",0.886804652942659,0,"TUTR","distal pA"
"FBXO11","ENSG00000138081","PAS7664_AATAAA_0.25",0.415179045809773,NA,0.969901162619863,1,0.324704829890087,0.495355680112509,0.690164874544721,0.64525316078182,-0.0449117137629012,"chr2",47806921,47806922,"-",0.667709017663271,0,"TUTR","distal pA"
"FBXO17","ENSG00000269190","PAS48141_None_0.15",0.120217067908724,NA,3.61531714753619,1,0.0572498051805628,0.143075036453903,0.265026387299177,0.22120125599638,-0.0438251313027972,"chr19",38941401,38941402,"-",0.243113821647778,0,"TUTR","distal pA"
"FBXO31","ENSG00000103264","PAS42019_APA_0.05",0.89723245191928,NA,0.04014566995113,1,0.8411960344665,0.910292890639581,0.134566040475308,0.123416511069043,-0.0111495294062647,"chr16",87326986,87326987,"-",0.128991275772176,0,"TUTR","distal pA"
"FBXO33","ENSG00000165355","PAS37481_AATAAA_0.35",0.607757521037785,NA,0.508572179558996,1,0.475757602699039,0.640032428815555,0.223073349398404,0.19695526880839,-0.0261180805900142,"chr14",39397755,39397756,"-",0.210014309103397,0,"TUTR","distal pA"
"FBXO42","ENSG00000037637","PAS2794_AATAAA_0.4",0.880595126545348,NA,0.0105511295600991,1,0.918186238533402,0.95747716339732,0.136176278632822,0.141965879840564,0.00578960120774175,"chr1",16246841,16246842,"-",0.139071079236693,0,"TUTR","distal pA"
"FCHSD2","ENSG00000137478","PAS31549_AATAAA_0.25",0.669274187392242,NA,0.358479150969288,1,0.549352091653833,0.701611421012005,0.872815564876674,0.837907607745059,-0.0349079571316158,"chr11",72836745,72836746,"-",0.855361586310866,0,"TUTR","distal pA"
"FEZ2","ENSG00000171055","PAS7524_AATAAA_0.45",0.164149744088907,NA,0.505838320406838,1,0.476945986361363,0.641167161210786,0.811563720149533,0.79328018118487,-0.0182835389646632,"chr2",36552262,36552263,"-",0.802421950667201,0,"TUTR","distal pA"
"FGD1","ENSG00000102302","PAS52747_APA_0.25",0.557747010128519,NA,0.650974343490361,1,0.419764541623633,0.590274041511599,0.834260831971889,0.874948953681059,0.0406881217091695,"chrX",54445455,54445456,"-",0.854604892826474,0,"TUTR","distal pA"
"FKBP14","ENSG00000106080","PAS21522_AATAAA_0.4",0.811971738605982,NA,0.618925528922773,1,0.431446846531511,0.601115397635391,0.41951725610594,0.372945390397818,-0.0465718657081224,"chr7",30010588,30010589,"-",0.396231323251879,0,"TUTR","distal pA"
"FMNL3","ENSG00000161791","PAS34208_AATAAA_0.35",0.559496758985477,NA,0.0175207288202728,1,0.894694893124362,0.942954940003832,0.187263650632781,0.18191333578694,-0.00535031484584106,"chr12",49640721,49640722,"-",0.18458849320986,0,"TUTR","distal pA"
"FNIP1","ENSG00000217128","PAS16706_AATAAA_0.1",0.440652372761151,NA,1.04312288427127,1,0.30709628231018,0.476196844816775,0.766815095873044,0.806358673341122,0.039543577468078,"chr5",131641714,131641715,"-",0.786586884607083,0,"TUTR","distal pA"
"FOXL2","ENSG00000183770","PAS11910_AATAAA_0.25",0.986763738325044,NA,0.000963524666985904,1,0.975237086396341,0.986687822423926,0.493895561820746,0.492175478313385,-0.0017200835073613,"chr3",138944225,138944226,"-",0.493035520067066,0,"TUTR","distal pA"
"FOXP1","ENSG00000114861","PAS11451_None_0.15",0.428819922616041,NA,0.427948088385165,1,0.512997511392553,0.671660792408823,0.301101344132544,0.285713954509342,-0.0153873896232019,"chr3",70956731,70956732,"-",0.293407649320943,0,"TUTR","distal pA"
"FRMD4A","ENSG00000151474","PAS28233_ATTAAA_0.2",0.0036237764410388,0.176874813144241,3.33517772720006,1,0.0678130802167532,0.16230487637679,0.308295304682605,0.373942580566557,0.0656472758839527,"chr10",13645891,13645892,"-",0.341118942624581,0,"TUTR","distal pA"
"FRMD4B","ENSG00000114541","PAS11443_AATAAA_0.25",0.966236363770667,NA,0.00517442018015402,1,0.942654875543473,0.96879999179586,0.649182215523043,0.638215997868256,-0.0109662176547873,"chr3",69170267,69170268,"-",0.64369910669565,0,"TUTR","distal pA"
"FTSJ3","ENSG00000108592","PAS44719_AATAAA_0.2",0.980526431397584,NA,0.00190497910716658,1,0.96518653103154,0.981708013780946,0.41011000861204,0.411637975607255,0.00152796699521479,"chr17",63819434,63819435,"-",0.410873992109647,0,"TUTR","distal pA"
"FZD5","ENSG00000163251","PAS8810_ATTAAA_0.45",0.841083649052391,NA,0.0896275672571107,1,0.76465116164252,0.860343180515507,0.592868988583219,0.549445686836246,-0.0434233017469732,"chr2",207762602,207762603,"-",0.571157337709732,0,"TUTR","distal pA"
"GANAB","ENSG00000089597","PAS31287_AATAAA_0.3",0.525195052365055,NA,0.746467295124603,1,0.387597016117556,0.560111046167436,0.910870177026664,0.923301912121178,0.0124317350945138,"chr11",62624831,62624832,"-",0.917086044573921,0,"TUTR","distal pA"
"GCLM","ENSG00000023909","PAS3725_AATAAA_0.45",0.65872906127581,NA,1.39498308304746,1,0.237565375448125,0.40096475106439,0.193123702511034,0.149885183537674,-0.0432385189733595,"chr1",93885201,93885202,"-",0.171504443024354,0,"TUTR","distal pA"
"GDE1","ENSG00000006007","PAS41371_AATAAA_0.45",0.854419798611411,NA,0.304193746322653,1,0.581265185123688,0.726060076234859,0.44511333414374,0.415891100422324,-0.0292222337214164,"chr16",19501694,19501695,"-",0.430502217283032,0,"TUTR","distal pA"
"GGA2","ENSG00000103365","PAS41425_APA_0.15",0.641780698059225,NA,0.216558726196126,1,0.641674599809151,0.773516587986705,0.339419594390292,0.361512245412143,0.0220926510218504,"chr16",23466160,23466161,"-",0.350465919901217,0,"TUTR","distal pA"
"GIGYF1","ENSG00000146830","PAS22055_AATAAA_0.05",0.721335619607123,NA,0.257263770670761,1,0.612006243619686,0.751294003774379,0.779276905085587,0.755088679041889,-0.0241882260436979,"chr7",100679506,100679507,"-",0.767182792063738,0,"TUTR","distal pA"
"GJC1","ENSG00000182963","PAS44391_APA_0.05",0.738540721278126,NA,0.224910292477944,1,0.635323724353565,0.768209219941734,0.89835071440148,0.885829235911495,-0.0125214784899847,"chr17",44798448,44798449,"-",0.892089975156488,0,"TUTR","distal pA"
"GK5","ENSG00000175066","PAS11927_ATTAAA_0.05",0.840656294419908,NA,0.0902572261760497,1,0.7638504001863,0.859931887100604,0.766699466082035,0.792339408592732,0.025639942510697,"chr3",142157526,142157527,"-",0.779519437337384,0,"TUTR","distal pA"
"GLI3","ENSG00000106571","PAS21613_AATAAA_0.2",0.900538446176277,NA,0.29841037685037,1,0.584880692044601,0.728469797624081,0.334311899392931,0.35856431511539,0.0242524157224581,"chr7",41960951,41960952,"-",0.34643810725416,0,"TUTR","distal pA"
"GLO1","ENSG00000124767","PAS19037_AATAAA_0.3",0.487197152547139,NA,0.515041130995087,1,0.472964694336794,0.637461374148596,0.901445900776178,0.892347475532205,-0.00909842524397253,"chr6",38675946,38675947,"-",0.896896688154192,0,"TUTR","distal pA"
"GNA13","ENSG00000120063","PAS44770_AATAAA_0.35",0.422843098582986,NA,1.11793820456705,1,0.290362845334833,0.458443546025502,0.2729728012176,0.321045492820871,0.0480726916032713,"chr17",65009290,65009291,"-",0.297009147019235,0,"TUTR","distal pA"
"GNAQ","ENSG00000156052","PAS26111_AATAAA_0.15",0.250995663224464,NA,0.379550836249336,1,0.537843719237941,0.692212473389707,0.275433453904983,0.305538413791301,0.0301049598863184,"chr9",77717326,77717327,"-",0.290485933848142,0,"TUTR","distal pA"
"GNB5","ENSG00000069966","PAS39433_AATAAA_0.3",0.895939307713752,NA,0.175283507192489,1,0.675458250327136,0.798051408344564,0.446771876588471,0.475973829172634,0.0292019525841631,"chr15",52120934,52120935,"-",0.461372852880552,0,"TUTR","distal pA"
"GNG12","ENSG00000172380","PAS3524_ATTAAA_0.1",0.391270258390683,NA,0.153318999281964,1,0.695383568978505,0.812811136541569,0.887457025615503,0.876087318608754,-0.0113697070067483,"chr1",67701541,67701542,"-",0.881772172112128,0,"TUTR","distal pA"
"GNPDA1","ENSG00000113552","PAS16887_ATTAAA_0.35",0.118227894714622,NA,3.65018461995714,1,0.0560629966207904,0.140774769121172,0.851632649621666,0.806424101023238,-0.0452085485984286,"chr5",142000676,142000677,"-",0.829028375322452,0,"TUTR","distal pA"
"GNPDA2","ENSG00000163281","PAS13781_AATAAA_0.35",0.80143602755725,NA,0.134804098282586,1,0.713502078768115,0.825389150236687,0.4471727680437,0.409946412681959,-0.0372263553617407,"chr4",44701872,44701873,"-",0.428559590362829,0,"TUTR","distal pA"
"GOLGA8A","ENSG00000175265","PAS39196_AATAAA_0.15",0.690446821271658,NA,0.313111178882536,1,0.57577728731216,0.72247475105913,0.895327845674937,0.914516065547389,0.0191882198724522,"chr15",34379070,34379071,"-",0.904921955611163,0,"TUTR","distal pA"
"GOLIM4","ENSG00000173905","PAS12085_AATAAA_0.35",0.556815132503712,NA,0.653267007293152,1,0.4189470552651,0.589584631429391,0.883336063895673,0.845584568602743,-0.03775149529293,"chr3",168008683,168008684,"-",0.864460316249208,0,"TUTR","distal pA"
"GPATCH8","ENSG00000186566","PAS44382_AATAAA_0.3",0.475223452048736,NA,0.914977358998385,1,0.338797218931926,0.510569566874483,0.82771098932862,0.780337234699415,-0.0473737546292052,"chr17",44395283,44395284,"-",0.804024112014018,0,"TUTR","distal pA"
"GTF2A1","ENSG00000165417","PAS37945_AATAAA_0.25",0.00622848291995313,1,0.664179649748576,1,0.415088236198499,0.585914222545945,0.144417186617544,0.107527088209305,-0.0368900984082384,"chr14",81175454,81175455,"-",0.125972137413424,1,"TUTR","distal pA"
"HDGF","ENSG00000143321","PAS4290_AATAAA_0.25",0.956395888105686,NA,0.00856304592525703,1,0.926271612114039,0.961516631177408,0.64555001716662,0.647764903167553,0.00221488600093234,"chr1",156742109,156742110,"-",0.646657460167086,0,"TUTR","distal pA"
"HEATR1","ENSG00000119285","PAS5067_APA_0.15",0.0457188410739398,0,5.67931965202752,1,0.0171660229313917,0.056423707099318,0.105435162101851,0.0498997859648224,-0.0555353761370284,"chr1",236549006,236549007,"-",0.0776674740333367,0,"TUTR","distal pA"
"HEATR6","ENSG00000068097","PAS44654_APA_0.15",0.863644558193588,NA,0.326026732484024,1,0.568008111796353,0.716368439504356,0.132138638318271,0.116976324626038,-0.0151623136922329,"chr17",60041363,60041364,"-",0.124557481472154,0,"TUTR","distal pA"
"HELZ","ENSG00000198265","PAS44784_AATAAA_0.25",0.766291628907343,NA,0.181338524348121,1,0.670225448479034,0.794103957120793,0.369289238426475,0.348613881148148,-0.0206753572783271,"chr17",67070445,67070446,"-",0.358951559787312,0,"TUTR","distal pA"
"HERPUD2","ENSG00000122557","PAS21581_AATAAA_0.35",0.524685682767293,NA,0.747995368522879,1,0.387111652054216,0.559658252214367,0.7032922075093,0.661655881861734,-0.0416363256475656,"chr7",35632661,35632662,"-",0.682474044685517,0,"TUTR","distal pA"
"HIVEP2","ENSG00000010818","PAS19716_AATAAA_0.15",0.624406339357998,NA,0.465287836572543,1,0.495163009195358,0.657075679174286,0.807631396417405,0.841569703231603,0.0339383068141983,"chr6",142751474,142751475,"-",0.824600549824504,0,"TUTR","distal pA"
"HLCS","ENSG00000159267","PAS50515_AATAAA_0.05",0.948600804121316,NA,0.00783933268789383,1,0.929447488871686,0.962987197498564,0.484105502905801,0.474820726898829,-0.00928477600697181,"chr21",36751191,36751192,"-",0.479463114902315,0,"TUTR","distal pA"
"HMGB1","ENSG00000189403","PAS35930_AATAAA_0.25",0.135611588394134,NA,0.000732070921458217,1,0.97841442344108,0.98839602928689,0.299122413403839,0.30003944675695,0.000917033353111052,"chr13",30459845,30459846,"-",0.299580930080394,0,"TUTR","distal pA"
"HMGCS1","ENSG00000112972","PAS16174_AATAAA_0.25",0.950275369781096,NA,0.0109925746523913,1,0.916498421166582,0.956643014984602,0.92551653966889,0.922620282589654,-0.00289625707923646,"chr5",43289395,43289396,"-",0.924068411129272,0,"TUTR","distal pA"
"HNRNPF","ENSG00000169813","PAS28527_AATAAA_0.35",0.369135567063108,NA,1.67190230348933,1,0.196003930232519,0.350046853952554,0.875017661469369,0.849127137885212,-0.0258905235841572,"chr10",43386023,43386024,"-",0.86207239967729,0,"TUTR","distal pA"
"HNRNPUL2","ENSG00000214753","PAS31298_AATAAA_0.15",0.254563655447582,NA,1.33262171367824,1,0.248339347252758,0.412883598543521,0.738655936287283,0.781285139277532,0.0426292029902492,"chr11",62714750,62714751,"-",0.759970537782408,0,"TUTR","distal pA"
"HOMEZ","ENSG00000290292","PAS37346_AATAAA_0.25",0.612420340848376,NA,0.49744508542642,1,0.480624885726616,0.644500024642205,0.257744555034711,0.200820337349273,-0.0569242176854384,"chr14",23274042,23274043,"-",0.229282446191992,0,"TUTR","distal pA"
"HOXB4","ENSG00000182742","PAS44490_AATAAA_0.2",0.957910592628004,NA,0.00783451042491379,1,0.929469135309893,0.962987197498564,0.74654646659301,0.741371718205379,-0.00517474838763177,"chr17",48575513,48575514,"-",0.743959092399195,0,"TUTR","distal pA"
"HRK","ENSG00000135116","PAS34978_ATTAAA_0.3",0.690446821271658,NA,0.313512187306515,1,0.575532921454493,0.72247475105913,0.208847461476994,0.19173175194066,-0.0171157095363335,"chr12",116856144,116856145,"-",0.200289606708827,0,"TUTR","distal pA"
"HSD17B11","ENSG00000198189","PAS14048_AATAAA_0.2",0.571806292870073,NA,0.610393797879624,1,0.434639576808208,0.604011620355105,0.730377910113443,0.755429198981777,0.0250512888683334,"chr4",87336612,87336613,"-",0.74290355454761,0,"TUTR","distal pA"
"HSPA13","ENSG00000155304","PAS50393_AATAAA_0.3",0.90730452195026,NA,0.0329430927693011,1,0.855973310993608,0.919086619287921,0.860821687603924,0.851687210750588,-0.00913447685333568,"chr21",14371117,14371118,"-",0.856254449177256,0,"TUTR","distal pA"
"IGF2BP2","ENSG00000073792","PAS12242_APA_0.05",0.000466695748787476,0.00113110328907726,13.6793106538207,1,0.000216830188289946,0.00149528947547274,0.881138970906497,0.837398499381154,-0.0437404715253424,"chr3",185643739,185643740,"-",0.859268735143826,0,"TUTR","distal pA"
"IGF2BP3","ENSG00000136231","PAS21418_AATAAA_0.15",0.0975953779748871,NA,1.68583006421431,1,0.194151571831079,0.347427723355038,0.337011401601314,0.302132740411628,-0.0348786611896854,"chr7",23310209,23310210,"-",0.319572071006471,0,"TUTR","distal pA"
"IL1A","ENSG00000115008","PAS8237_AATAAA_0.4",0.53038237121076,NA,1.87278466708449,1,0.171156488624873,0.319366129405716,0.72730268112341,0.762935440842556,0.0356327597191461,"chr2",112773928,112773929,"-",0.745119060982983,0,"TUTR","distal pA"
"IL6ST","ENSG00000134352","PAS16231_AATAAA_0.1",0.370035845246659,NA,1.13396834899277,1,0.286930463086007,0.455209962442526,0.826768527137383,0.86380307576793,0.0370345486305472,"chr5",55936645,55936646,"-",0.845285801452657,0,"TUTR","distal pA"
"IMPA1","ENSG00000133731","PAS24110_ATTAAA_0.15",0.00787676334876114,1,0.842630501179656,1,0.358645528338399,0.531071263116475,0.148826464912094,0.115883967746073,-0.0329424971660209,"chr8",81657614,81657615,"-",0.132355216329084,0,"TUTR","distal pA"
"INIP","ENSG00000148153","PAS26392_AATAAA_0.3",0.507744613905732,NA,0.804590933714735,1,0.369724290710585,0.542011316544593,0.690905131871876,0.763700763510145,0.0727956316382687,"chr9",112683943,112683944,"-",0.72730294769101,0,"TUTR","distal pA"
"IPO8","ENSG00000133704","PAS34000_AATAAA_0.15",0.0249690067252163,0,6.98402530569092,1,0.00822404289092961,0.0317376839085608,0.949973881624608,0.890092154145582,-0.059881727479026,"chr12",30628988,30628989,"-",0.920033017885095,0,"TUTR","distal pA"
"IQCB1","ENSG00000173226","PAS11694_ATTAAA_0.2",0.642951156041342,NA,0.419303779490292,1,0.517284649322373,0.675100305047843,0.340909090909091,0.29545478545699,-0.045454305452101,"chr3",121769764,121769765,"-",0.318181938183041,0,"TUTR","distal pA"
"IRF2BP2","ENSG00000168264","PAS5023_AATAAA_0.3",0.229548585374196,NA,7.66640268921037e-05,1,0.993013971932933,0.997921910322284,0.185558308567614,0.18579820492659,0.000239896358976616,"chr1",234605764,234605765,"-",0.185678256747102,0,"TUTR","distal pA"
"IRF2BPL","ENSG00000119669","PAS37909_AATAAA_0.3",0.408192382725851,NA,1.18184058981751,1,0.276981606384479,0.444982918997682,0.895556022227032,0.870421483665095,-0.0251345385619367,"chr14",77024544,77024545,"-",0.882988752946063,0,"TUTR","distal pA"
"IRGQ","ENSG00000167378","PAS48260_AATAAA_0.05",0.482724762954087,NA,0.885913508922044,1,0.346587115996656,0.518347102685264,0.87274400538326,0.823019763882993,-0.0497242415002676,"chr19",43585936,43585937,"-",0.847881884633127,0,"TUTR","distal pA"
"ISG20L2","ENSG00000143319","PAS4285_APA_0.25",0.675491999079029,NA,0.64636683360186,1,0.421414634109356,0.591439567263772,0.673048927392935,0.623913192329491,-0.0491357350634442,"chr1",156721892,156721893,"-",0.648481059861213,0,"TUTR","distal pA"
"ISY1","ENSG00000240682","PAS11794_ATTAAA_0.25",0.213488591498883,NA,2.75517078991561,1,0.0969404639780589,0.213377242514628,0.677190920757414,0.740390316440705,0.0631993956832908,"chr3",129129185,129129186,"-",0.708790618599059,0,"TUTR","distal pA"
"ITGB5","ENSG00000082781","PAS11730_AATAAA_0.2",0.50329712070199,NA,0.820506420526044,1,0.365032141985987,0.537470385116955,0.177676153512724,0.137756410669423,-0.0399197428433004,"chr3",124761950,124761951,"-",0.157716282091073,0,"TUTR","distal pA"
"IVNS1ABP","ENSG00000116679","PAS4564_AATAAA_0.35",0.355480518220364,NA,2.82212487640209,1,0.0929732485496242,0.207345481298416,0.255251326275343,0.202543868233903,-0.0527074580414405,"chr1",185296391,185296392,"-",0.228897597254623,0,"TUTR","distal pA"
"JAZF1","ENSG00000153814","PAS21504_AATAAA_0.45",0.746090496032129,NA,0.212750989504457,1,0.644619698490838,0.775622426739005,0.847502630647416,0.82163336194421,-0.0258692687032066,"chr7",27830581,27830582,"-",0.834567996295813,0,"TUTR","distal pA"
"JUN","ENSG00000177606","PAS3459_AATAAA_0.4",0.544952197304015,NA,0.68535764500848,1,0.407747920677827,0.578502365001385,0.185919011099796,0.164539803304474,-0.0213792077953222,"chr1",58780792,58780793,"-",0.175229407202135,0,"TUTR","distal pA"
"KANK2","ENSG00000197256","PAS47738_AATAAA_0.1",0.855068221800544,NA,0.075461332584382,1,0.783544993402126,0.872520195031821,0.872416300052999,0.861430619702262,-0.0109856803507367,"chr19",11164270,11164271,"-",0.866923459877631,0,"TUTR","distal pA"
"KCNJ8","ENSG00000121361","PAS33911_ATTAAA_0.2",0.755224989067657,NA,0.199419307862968,1,0.655189972785229,0.783638521677774,0.212145105153902,0.183599807353554,-0.0285452978003475,"chr12",21764955,21764956,"-",0.197872456253728,0,"TUTR","distal pA"
"KCTD1","ENSG00000134504","PAS45687_AATAAA_0.35",0.849785596463699,NA,0.0809196146004751,1,0.776055024424909,0.868037935761807,0.578617696163641,0.542986749824866,-0.0356309463387753,"chr18",26454975,26454976,"-",0.560802222994254,0,"TUTR","distal pA"
"KDELR1","ENSG00000105438","PAS48387_AATAAA_0.15",0.261896876423652,NA,2.04624639279791,1,0.152581972434556,0.295117301916004,0.846673172097233,0.828776924410284,-0.0178962476869489,"chr19",48382577,48382578,"-",0.837725048253758,0,"TUTR","distal pA"
"KDM5A","ENSG00000073614","PAS33694_APA_0.15",0.132513345575362,NA,5.68012634662045,1,0.0171581321600324,0.056423707099318,0.397503464351463,0.470731818320239,0.0732283539687765,"chr12",284323,284324,"-",0.434117641335851,0,"TUTR","distal pA"
"KDM7A","ENSG00000006459","PAS22371_ATTAAA_0.2",0.751180166889233,NA,0.205161088874718,1,0.65058682338586,0.780212545638208,0.729092462298785,0.669294305565172,-0.0597981567336137,"chr7",140084855,140084856,"-",0.699193383931978,0,"TUTR","distal pA"
"KDSR","ENSG00000119537","PAS45895_AATAAA_0.35",0.000603933164003984,0.000598716342831469,14.8766866927035,1,0.000114772699011706,0.000846676378820485,0.139506819127134,0.0760701331379517,-0.0634366859891823,"chr18",63327738,63327739,"-",0.107788476132543,0,"TUTR","distal pA"
"KIAA1143","ENSG00000163807","PAS11108_AATAAA_0.25",0.741857963355104,NA,0.394746607195657,1,0.529814876229881,0.685608689775203,0.513982140966549,0.46799552089243,-0.0459866200741186,"chr3",44748745,44748746,"-",0.49098883092949,0,"TUTR","distal pA"
"KIAA2013","ENSG00000116685","PAS2749_AATAAA_0.1",0.785405989647058,NA,0.155500924565331,1,0.693332947055976,0.811142824781031,0.58027678318575,0.557665189572262,-0.0226115936134886,"chr1",11919591,11919592,"-",0.568970986379006,0,"TUTR","distal pA"
"KIF1A","ENSG00000130294","PAS9053_AATAAA_0.1",0.63455685319141,NA,0.438424757766484,1,0.507883739193876,0.667517533393587,0.767777899986932,0.8130508854058,0.0452729854188672,"chr2",240713767,240713768,"-",0.790414392696366,0,"TUTR","distal pA"
"KIFAP3","ENSG00000075945","PAS4417_ATTAAA_0.4",0.306893152492694,NA,1.71910945990112,1,0.189807717384405,0.342100806969981,0.817343910639439,0.74249206723729,-0.0748518434021495,"chr1",169921330,169921331,"-",0.779917988938364,0,"TUTR","distal pA"
"KIN","ENSG00000151657","PAS28181_ATTAAA_0.3",0.926784075494143,NA,0.0209058946685445,1,0.885035612739814,0.936247436808682,0.721571619376332,0.709602849674034,-0.0119687697022983,"chr10",7755808,7755809,"-",0.715587234525183,0,"TUTR","distal pA"
"KLF6","ENSG00000067082","PAS28110_APA_0.1",0.264988678376939,NA,2.01924530498763,1,0.155316319077933,0.298014279086098,0.121839764327107,0.151238341309929,0.0293985769828221,"chr10",3776553,3776554,"-",0.136539052818518,0,"TUTR","distal pA"
"KRAS","ENSG00000133703","PAS33931_AATAAA_0.2",0.645781847322674,NA,1.70813907760748,1,0.191226993779929,0.343881541889113,0.335849566433957,0.303594555660624,-0.0322550107733323,"chr12",25205245,25205246,"-",0.31972206104729,0,"TUTR","distal pA"
"KRR1","ENSG00000111615","PAS34572_AATAAA_0.35",0.152106904391148,NA,1.61893443712233,1,0.203240429134285,0.359001995971827,0.164496780549277,0.200293249593487,0.0357964690442093,"chr12",75495834,75495835,"-",0.182395015071382,0,"TUTR","distal pA"
"LANCL1","ENSG00000115365","PAS8823_AATAAA_0.2",0.953524294868989,NA,0.00990912835186464,1,0.92070587420704,0.9589519402158,0.922081012653085,0.92492319462019,0.00284218196710495,"chr2",210431251,210431252,"-",0.923502103636638,0,"TUTR","distal pA"
"LATS2","ENSG00000150457","PAS35850_ATTAAA_0.2",0.586066515006712,NA,0.000646305683403625,1,0.979717930347738,0.989296921518981,0.378686653575829,0.379872762007986,0.00118610843215655,"chr13",20973038,20973039,"-",0.379279707791907,0,"TUTR","distal pA"
"LBR","ENSG00000143815","PAS4899_AATAAA_0.1",0.177778757535848,NA,2.81709185305044,1,0.0932652430543717,0.207889792371795,0.908383650919751,0.854938167915063,-0.0534454830046885,"chr1",225401502,225401503,"-",0.881660909417407,0,"TUTR","distal pA"
"LDB1","ENSG00000198728","PAS29044_AATAAA_0.1",0.852312951214729,NA,0.078312154671039,1,0.779597891338462,0.870023799841048,0.102541054756273,0.11404774790514,0.0115066931488668,"chr10",102106491,102106492,"-",0.108294401330706,0,"TUTR","distal pA"
"LIMA1","ENSG00000050405","PAS34223_AATAAA_0.2",0.0273026403270453,0,6.79920681924705,1,0.00911983790816273,0.0345290807968931,0.888747341249505,0.823862722962308,-0.0648846182871969,"chr12",50175789,50175790,"-",0.856305032105906,0,"TUTR","distal pA"
"LIN9","ENSG00000183814","PAS4934_AATAAA_0.25",0.778222276737404,NA,0.16450378729931,1,0.685043389201469,0.805354559913156,0.742325576499058,0.700893561179369,-0.0414320153196895,"chr1",226231157,226231158,"-",0.721609568839213,0,"TUTR","distal pA"
"LITAF","ENSG00000189067","PAS41297_AATAAA_0.25",0.317426650155907,NA,2.77812318238648,1,0.0955600910491772,0.211268002858128,0.283614686398395,0.249835285425747,-0.0337794009726474,"chr16",11547998,11547999,"-",0.266724985912071,0,"TUTR","distal pA"
"LLPH","ENSG00000139233","PAS34510_AATAAA_0.25",0.517786301200403,NA,0.771952128111479,1,0.379613822566677,0.552361620742054,0.594153231838166,0.555076929236011,-0.039076302602155,"chr12",66123069,66123070,"-",0.574615080537089,0,"TUTR","distal pA"
"LMAN2","ENSG00000169223","PAS17149_AATAAA_0.2",0.517786301200403,NA,0.771850641018318,1,0.379645149920612,0.552361620742054,0.573676473904386,0.551407504190082,-0.0222689697143041,"chr5",177331568,177331569,"-",0.562541989047234,0,"TUTR","distal pA"
"LMBR1","ENSG00000105983","PAS22471_AATAAA_0.4",0.908323024489127,NA,0.0320473425823877,1,0.85792379117371,0.919769508530524,0.650005451828427,0.618382458185904,-0.0316229936425236,"chr7",156681520,156681521,"-",0.634193955007165,0,"TUTR","distal pA"
"LMNB2","ENSG00000176619","PAS47504_AATAAA_0.1",0.0457134347233239,0.219478997920382,2.98291971583876,1,0.0841473504751067,0.192106924865362,0.808912500197439,0.765254654706386,-0.0436578454910523,"chr19",2428166,2428167,"-",0.787083577451913,0,"TUTR","distal pA"
"LPAR5","ENSG00000184574","PAS33768_AATAAA_0.1",0.743544564592371,NA,0.216799508152519,1,0.641489428275771,0.773365011131426,0.866173268849003,0.815201122691417,-0.0509721461575858,"chr12",6618834,6618835,"-",0.84068719577021,0,"TUTR","distal pA"
"LPGAT1","ENSG00000123684","PAS4789_AATAAA_0.3",0.603414817406748,NA,0.45736048865183,1,0.498860142751202,0.660259055901281,0.567059741931402,0.535022129443969,-0.0320376124874325,"chr1",211744982,211744983,"-",0.551040935687686,0,"TUTR","distal pA"
"LRCH4","ENSG00000077454","PAS22052_AATAAA_0.1",0.990871000331819,NA,0.000566156619697722,1,0.981016889399829,0.990058200946268,0.348270011367593,0.346275345264237,-0.00199466610335591,"chr7",100574038,100574039,"-",0.347272678315915,0,"TUTR","distal pA"
"LRIF1","ENSG00000121931","PAS3847_None_0.15",0.997738456639429,NA,0.000118007688342914,1,0.991332643273625,0.996626358229552,0.870868374650448,0.870316324503849,-0.000552050146599203,"chr1",110947190,110947191,"-",0.870592349577148,0,"TUTR","distal pA"
"LRRC57","ENSG00000180979","PAS39301_AATAAA_0.35",0.981329929115897,NA,0.00173970095437426,1,0.966730103241296,0.98236827484294,0.320793597615877,0.325356842819681,0.00456324520380397,"chr15",42537830,42537831,"-",0.323075220217779,0,"TUTR","distal pA"
"LRRC58","ENSG00000163428","PAS11672_AATAAA_0.4",0.388204334280598,NA,1.2779367739488,1,0.258283009985333,0.425071052098032,0.879935952213346,0.919003564752509,0.0390676125391634,"chr3",120324603,120324604,"-",0.899469758482927,0,"TUTR","distal pA"
"LRRC59","ENSG00000108829","PAS44540_ATTAAA_0.05",0.23164280546009,NA,2.28068900788094,1,0.130993668252462,0.263995757312884,0.646613232401418,0.702659815157864,0.056046582756446,"chr17",50381238,50381239,"-",0.674636523779641,0,"TUTR","distal pA"
"LSG1","ENSG00000041802","PAS12305_ATTAAA_0.25",0.749973662792798,NA,0.207074861915999,1,0.649069822054092,0.778967591477442,0.815284283078615,0.838011693773825,0.02272741069521,"chr3",194640793,194640794,"-",0.82664798842622,0,"TUTR","distal pA"
"LTBP3","ENSG00000168056","PAS31388_None_0.1",0.0568789122214971,NA,5.20431560717225,1,0.0225308832516944,0.0695267687347164,0.130923553391265,0.0713200186748693,-0.0596035347163961,"chr11",65538559,65538560,"-",0.101121786033067,0,"TUTR","distal pA"
"LUZP1","ENSG00000169641","PAS2893_AATAAA_0.25",0.488789935669866,NA,0.866372985432008,1,0.351961380461489,0.524275806312426,0.254996125860643,0.195618369671828,-0.0593777561888145,"chr1",23084032,23084033,"-",0.225307247766236,0,"TUTR","distal pA"
"LYPLA1","ENSG00000120992","PAS23899_AATAAA_0.15",0.65085707771261,NA,0.401222022910588,1,0.526458827312406,0.683280001402,0.500950766930367,0.483383260850933,-0.0175675060794334,"chr8",54046378,54046379,"-",0.49216701389065,0,"TUTR","distal pA"
"M6PR","ENSG00000003056","PAS33810_ATTAAA_0.15",0.971905915503638,NA,0.00368635335871659,1,0.951585909108941,0.973553000255804,0.722322321957625,0.724715505070436,0.00239318311281078,"chr12",8940363,8940364,"-",0.723518913514031,0,"TUTR","distal pA"
"MACROH2A1","ENSG00000113648","PAS16785_APA_0.05",0.217234695033445,NA,4.2476609744408,1,0.0393044293825525,0.107158713504118,0.606560442083097,0.536473735052883,-0.0700867070302142,"chr5",135334380,135334381,"-",0.57151708856799,0,"TUTR","distal pA"
"MAD2L1","ENSG00000164109","PAS14210_APA_0.35",0.654553205082138,NA,0.390936758891939,1,0.531807412139117,0.686889315550008,0.093315648177852,0.12423234558794,0.0309166974100876,"chr4",120055623,120055624,"-",0.108773996882896,0,"TUTR","distal pA"
"MAFG","ENSG00000197063","PAS45057_AATAAA_0.1",0.0954718585065264,NA,4.10418800088155,1,0.0427771280917853,0.114397609506576,0.367576773913017,0.311700461190341,-0.0558763127226762,"chr17",81918270,81918271,"-",0.339638617551679,0,"TUTR","distal pA"
"MAP4K2","ENSG00000168067","PAS31345_AATAAA_0.1",0.468655314819867,NA,0.935436149942916,1,0.333454317498276,0.503742864361108,0.0901807902319885,0.130496384163571,0.0403155939315826,"chr11",64784918,64784919,"-",0.11033858719778,0,"TUTR","distal pA"
"MAPKAP1","ENSG00000119487","PAS26528_AATAAA_0.2",0.800982864622719,NA,0.675509703947682,1,0.411137243089816,0.581978564595646,0.317919116611063,0.278854574467571,-0.0390645421434923,"chr9",125437396,125437397,"-",0.298386845539317,0,"TUTR","distal pA"
"MBOAT2","ENSG00000143797","PAS7310_ATTAAA_0.05",0.515014356196856,NA,0.779863069060639,1,0.377183021403246,0.549886024817437,0.192378687337632,0.151884594835264,-0.0404940925023681,"chr2",8852690,8852691,"-",0.172131641086448,0,"TUTR","distal pA"
"MCFD2","ENSG00000180398","PAS7653_AATAAA_0.35",0.233670091196997,NA,2.26261582632333,1,0.132530032950487,0.26610296540421,0.65011744235793,0.724296678953924,0.0741792365959932,"chr2",46901877,46901878,"-",0.687207060655927,0,"TUTR","distal pA"
"MCL1","ENSG00000143384","PAS4061_AATAAA_0.35",0.00703603622929655,1,0.0208322226899327,1,0.885236952470147,0.936247436808682,0.868478651382508,0.869965672320838,0.00148702093833064,"chr1",150574560,150574561,"-",0.869222161851673,0,"TUTR","distal pA"
"MCM3","ENSG00000112118","PAS19176_AATAAA_0.3",0.162339185766198,NA,3.00320876447631,1,0.0830997834522842,0.190182462550927,0.850801725271851,0.903407690991594,0.052605965719743,"chr6",52264020,52264021,"-",0.877104708131722,0,"TUTR","distal pA"
"MCMBP","ENSG00000197771","PAS29227_AATAAA_0.1",0.970792028550041,NA,0.00397448117064414,1,0.949731876074195,0.972832249949111,0.342518734018301,0.339187507477611,-0.00333122654069051,"chr10",119829790,119829791,"-",0.340853120747956,0,"TUTR","distal pA"
"MCOLN2","ENSG00000153898","PAS3619_AATAAA_0.25",0.431545428813576,NA,1.08048488719351,1,0.29858910875566,0.467292852944967,0.899617109516489,0.835990285156326,-0.063626824360163,"chr1",84925583,84925584,"-",0.867803697336407,0,"TUTR","distal pA"
"ME1","ENSG00000065833","PAS19323_AATAAA_0.4",0.635665810616329,NA,0.436047171422615,1,0.509036513758049,0.668473300361939,0.342588761291912,0.317572324796608,-0.0250164364953044,"chr6",83210392,83210393,"-",0.33008054304426,0,"TUTR","distal pA"
"MED13","ENSG00000108510","PAS44690_AATAAA_0.1",0.0134551687743378,1,1.90124633238702,1,0.167938881119742,0.314682397941627,0.466823207705033,0.431074062968834,-0.0357491447361989,"chr17",61942605,61942606,"-",0.448948635336933,0,"TUTR","distal pA"
"MED13L","ENSG00000123066","PAS34949_AATAAA_0.15",0.234670044680208,NA,3.75586830525572,1,0.0526224575061721,0.134217177484872,0.417847107176076,0.366934814723356,-0.0509122924527201,"chr12",115958577,115958578,"-",0.392390960949716,0,"TUTR","distal pA"
"MED8","ENSG00000159479","PAS3274_AATAAA_0.15",0.920144441885974,NA,0.0252243183479095,1,0.873809386515915,0.93036049336049,0.419073726781634,0.408469847077731,-0.0106038797039027,"chr1",43383917,43383918,"-",0.413771786929682,0,"TUTR","distal pA"
"MLLT1","ENSG00000130382","PAS47607_AATAAA_0.2",0.455270733535521,NA,0.98801514274146,1,0.320227975277801,0.490654261425882,0.933611546507259,0.908392104680727,-0.025219441826532,"chr19",6210381,6210382,"-",0.921001825593993,0,"TUTR","distal pA"
"MMADHC","ENSG00000168288","PAS8393_AATAAA_0.25",0.961478212259964,NA,0.00650313443748018,1,0.935726652574771,0.965178143584214,0.754348683725791,0.751987179846557,-0.00236150387923351,"chr2",149569638,149569639,"-",0.753167931786174,0,"TUTR","distal pA"
"MOXD1","ENSG00000079931","PAS19619_AATAAA_0.15",0.953652491199186,NA,0.00982837214112919,1,0.921028584533215,0.959043718626082,0.708470768931898,0.720070875167158,0.0116001062352604,"chr6",132296055,132296056,"-",0.714270822049528,0,"TUTR","distal pA"
"MPPE1","ENSG00000154889","PAS45590_AATAAA_0.35",0.740337796794205,NA,0.221839602235832,1,0.637641794527174,0.770010455844665,0.247431298636384,0.206296748226548,-0.0411345504098363,"chr18",11883478,11883479,"-",0.226864023431466,0,"TUTR","distal pA"
"MRPL50","ENSG00000136897","PAS26308_AATAAA_0.15",0.345944495596454,NA,1.49531955746477,1,0.22139293126615,0.381992338181703,0.140104368086798,0.0877624991970503,-0.052341868889748,"chr9",101387633,101387634,"-",0.113933433641924,0,"TUTR","distal pA"
"MRPS10","ENSG00000048544","PAS19080_ATTAAA_0.15",0.800620399365099,NA,0.136511567844082,1,0.711773913661671,0.82441601588601,0.901480379338958,0.891256436370134,-0.0102239429688247,"chr6",42206801,42206802,"-",0.896368407854546,0,"TUTR","distal pA"
"MSANTD2","ENSG00000120458","PAS31954_ATTAAA_0.15",0.769927368931307,NA,0.175703647546243,1,0.675091757068399,0.797716094749329,0.539284600978588,0.501257971323955,-0.038026629654633,"chr11",124766497,124766498,"-",0.520271286151272,0,"TUTR","distal pA"
"MTERF3","ENSG00000156469","PAS24237_AATAAA_0.25",0.819014765349609,NA,0.113992207869387,1,0.735644050812561,0.841428850595399,0.882446275885404,0.896903885516595,0.0144576096311911,"chr8",96239423,96239424,"-",0.889675080701,0,"TUTR","distal pA"
"MTF1","ENSG00000188786","PAS3189_ATTAAA_0.25",0.727069573440508,NA,0.529472539423637,1,0.466828699284307,0.632203336849484,0.291327616280709,0.237155033175057,-0.054172583105652,"chr1",37809576,37809577,"-",0.264241324727883,0,"TUTR","distal pA"
"MTMR2","ENSG00000087053","PAS31731_AATAAA_0.35",0.254378820209915,NA,0.805556187619914,1,0.369437335323173,0.541871961740357,0.158877664211133,0.119844462424795,-0.0390332017863376,"chr11",95832881,95832882,"-",0.139361063317964,0,"TUTR","distal pA"
"MTPN","ENSG00000105887","PAS22334_AATAAA_0.3",0.42718081765836,NA,1.09812420445724,1,0.294678131830663,0.463009723437867,0.618127342329129,0.58194460123722,-0.0361827410919094,"chr7",135926760,135926761,"-",0.600035971783174,0,"TUTR","distal pA"
"MTX3","ENSG00000177034","PAS16396_AATAAA_0.2",0.992337609818872,NA,0.000395749196741235,1,0.984128373386365,0.991697841913216,0.700246204694493,0.701134989543842,0.000888784849348845,"chr5",79976730,79976731,"-",0.700690597119167,0,"TUTR","distal pA"
"MXD4","ENSG00000123933","PAS13548_APA_0.05",0.802154394895838,NA,0.134011063229536,1,0.714308951149423,0.825882041875383,0.556059057034247,0.585355248742152,0.0292961917079052,"chr4",2247432,2247433,"-",0.5707071528882,0,"TUTR","distal pA"
"MYCBP2","ENSG00000005810","PAS36173_AATAAA_0.2",0.605210243281315,NA,0.515174729503315,1,0.472907294812642,0.637450033913084,0.393490619661471,0.35669254158114,-0.0367980780803312,"chr13",77044657,77044658,"-",0.375091580621305,0,"TUTR","distal pA"
"MYO1C","ENSG00000197879","PAS43644_AATAAA_0.25",0.814879355015333,NA,0.0160175346227334,1,0.89928834176026,0.946416432780126,0.889376556678119,0.892120233221182,0.00274367654306318,"chr17",1464187,1464188,"-",0.89074839494965,0,"TUTR","distal pA"
"MYO5A","ENSG00000197535","PAS39443_AATAAA_0.25",0.788084447268992,NA,0.152118131844418,1,0.696519358172448,0.813481099254898,0.400160856146902,0.375342803399597,-0.0248180527473044,"chr15",52307285,52307286,"-",0.38775182977325,0,"TUTR","distal pA"
"N4BP1","ENSG00000102921","PAS41588_AATAAA_0.25",0.639484618874078,NA,0.427379925158334,1,0.513277387490408,0.671789249718351,0.401168465569731,0.465041152803578,0.0638726872338471,"chr16",48538727,48538728,"-",0.433104809186655,0,"TUTR","distal pA"
"NAMPT","ENSG00000105835","PAS22125_AATAAA_0.3",0.893380558769813,NA,0.0444590321230294,1,0.833001897726547,0.906348684960829,0.344723655069725,0.369915990618459,0.0251923355487338,"chr7",106248298,106248299,"-",0.357319822844092,0,"TUTR","distal pA"
"NAPB","ENSG00000125814","PAS49576_AATAAA_0.35",0.534262130059677,NA,0.717844746879564,1,0.396851782466106,0.568622797316828,0.768425998328923,0.712141147260795,-0.0562848510681272,"chr20",23374526,23374527,"-",0.740283572794859,0,"TUTR","distal pA"
"NCBP3","ENSG00000074356","PAS43698_AATAAA_0.35",0.709756250535916,NA,0.852724046968888,1,0.355782858615809,0.528094255636766,0.21742623811344,0.171105246249204,-0.0463209918642365,"chr17",3806752,3806753,"-",0.194265742181322,0,"TUTR","distal pA"
"NCOR2","ENSG00000196498","PAS35216_ATTAAA_0.25",0.821079879107455,NA,0.111274429131299,1,0.738697855358877,0.843513091592231,0.842185548701191,0.846748282884572,0.0045627341833806,"chr12",124324415,124324416,"-",0.844466915792882,0,"TUTR","distal pA"
"NECAB3","ENSG00000125967","PAS49647_AATAAA_0.05",0.924355210523428,NA,0.0227524881222507,1,0.880102500492494,0.933728705209134,0.839758494083385,0.847928747595547,0.00817025351216216,"chr20",33657087,33657088,"-",0.843843620839466,0,"TUTR","distal pA"
"NEK2","ENSG00000117650","PAS4786_AATAAA_0.15",0.673894830639436,NA,0.347989646535325,1,0.555253354406711,0.70678977803918,0.539142482996573,0.577728505622029,0.0385860226254562,"chr1",211662772,211662773,"-",0.558435494309301,0,"TUTR","distal pA"
"NELFA","ENSG00000185049","PAS13539_ATTAAA_0.45",0.843903519684766,NA,0.0867230179032958,1,0.768385244769296,0.862949615101652,0.824118241173755,0.81462671451022,-0.00949152666353514,"chr4",1982729,1982730,"-",0.819372477841988,0,"TUTR","distal pA"
"NEMP1","ENSG00000166881","PAS34412_AATAAA_0.2",0.598092953979296,NA,0.535983285463772,1,0.464102167042758,0.630150406899771,0.925605569824612,0.894594018606887,-0.0310115512177253,"chr12",57055643,57055644,"-",0.910099794215749,0,"TUTR","distal pA"
"NEPRO","ENSG00000163608","PAS11620_ATTAAA_0.2",0.724536626997245,NA,0.0238362570999016,1,0.877302276270938,0.932250083383449,0.213874989546623,0.219059314061518,0.00518432451489492,"chr3",113002446,113002447,"-",0.21646715180407,0,"TUTR","distal pA"
"NFATC2","ENSG00000101096","PAS49940_AATAAA_0.25",0.615614033596449,NA,0.487331863902682,1,0.485119919049026,0.647906877338592,0.274135758587892,0.239470501883907,-0.0346652567039852,"chr20",51386964,51386965,"-",0.2568031302359,0,"TUTR","distal pA"
"NFIB","ENSG00000147862","PAS25842_AATAAA_0.15",0.951063512716607,NA,0.0106683512403833,1,0.917734628666463,0.957440666845834,0.371396288617274,0.366606385165929,-0.0047899034513455,"chr9",14081848,14081849,"-",0.369001336891602,0,"TUTR","distal pA"
"NFKBIA","ENSG00000100906","PAS37453_ATTAAA_0.35",0.663734997337232,NA,0.36974368996016,1,0.543144012214009,0.696073767081042,0.44740154554414,0.46319390466303,0.0157923591188893,"chr14",35401515,35401516,"-",0.455297725103585,0,"TUTR","distal pA"
"NFKBID","ENSG00000167604","PAS48070_None_0.2",0.638274235979387,NA,0.430467173196234,1,0.511759802489226,0.670620942418464,0.284930700638024,0.224537520852209,-0.0603931797858153,"chr19",35887631,35887632,"-",0.254734110745117,0,"TUTR","distal pA"
"NHSL1","ENSG00000135540","PAS19695_AATAAA_0.4",0.98043098098467,NA,0.00193780455995807,1,0.964888061803436,0.981694554122494,0.538821670107924,0.544838896235447,0.00601722612752231,"chr6",138422045,138422046,"-",0.541830283171686,0,"TUTR","distal pA"
"NIBAN1","ENSG00000135842","PAS4554_AATAAA_0.35",0.165626081453213,NA,3.61319438638566,1,0.0573229150694375,0.143230240744737,0.635010851970941,0.581317725832765,-0.053693126138176,"chr1",184791033,184791034,"-",0.608164288901853,0,"TUTR","distal pA"
"NID1","ENSG00000116962","PAS5055_AATAAA_0.25",0.690446821271658,NA,0.313259885207117,1,0.575686644934387,0.72247475105913,0.790495163017011,0.81233796397819,0.0218428009611782,"chr1",235975833,235975834,"-",0.8014165634976,0,"TUTR","distal pA"
"NIFK","ENSG00000155438","PAS8287_ATTAAA_0.2",0.74274937182124,NA,0.217895102090097,1,0.64064844649162,0.772637463780858,0.247737011045762,0.23078570585142,-0.0169513051943417,"chr2",121727044,121727045,"-",0.239261358448591,0,"TUTR","distal pA"
"NKAP","ENSG00000101882","PAS53014_AATAAA_0.15",0.113116248751876,NA,3.74854028035679,1,0.0528536498131419,0.134727628798906,0.114772590111258,0.0481985651258735,-0.0665740249853846,"chrX",119920672,119920673,"-",0.0814855776185659,0,"TUTR","distal pA"
"NKRF","ENSG00000186416","PAS52998_AATAAA_0.15",0.841083649052391,NA,0.0895110153803671,1,0.764799721018929,0.860343180515507,0.805526455293886,0.785699468324395,-0.0198269869694909,"chrX",119588338,119588339,"-",0.79561296180914,0,"TUTR","distal pA"
"NOL9","ENSG00000162408","PAS2658_ATTAAA_0.25",0.589326011562943,NA,0.561306492117865,1,0.453734315535841,0.62099754397012,0.864987483530989,0.828928842406872,-0.0360586411241177,"chr1",6521348,6521349,"-",0.84695816296893,0,"TUTR","distal pA"
"NPHP3-ACAD11","ENSG00000274810","PAS11841_ATTAAA_0.25",0.663732538213663,NA,0.808978900096918,1,0.368422311474953,0.540809874700909,0.51024781666512,0.470665160746335,-0.0395826559187852,"chr3",132558141,132558142,"-",0.490456488705727,0,"TUTR","distal pA"
"NQO1","ENSG00000181019","PAS41781_AATAAA_0.3",0.000553922779648832,2.48686402651672e-05,20.9285875726491,1,4.76726750181241e-06,5.08912649721779e-05,0.204519399108771,0.158554216916046,-0.0459651821927253,"chr16",69709401,69709402,"-",0.181536808012409,0,"TUTR","distal pA"
"NR2C1","ENSG00000120798","PAS34709_ATTAAA_0.25",0.162184511400144,NA,0.836405743849809,1,0.36042675730175,0.532859962822958,0.0959981302496296,0.0703491310638138,-0.0256489991858158,"chr12",95020283,95020284,"-",0.0831736306567217,0,"TUTR","distal pA"
"NRAS","ENSG00000213281","PAS3920_AATAAA_0.35",0.0412997395042222,0.0346796774174176,6.12928721144635,1,0.0132960465359227,0.0461883218291411,0.908819769666653,0.843490391707654,-0.065329377958999,"chr1",114704470,114704471,"-",0.876155080687153,0,"TUTR","distal pA"
"NSFL1C","ENSG00000088833","PAS49432_ATTAAA_0.25",0.125453042734139,NA,3.52548233062589,1,0.0604322393710343,0.149040120575893,0.137728242340812,0.0909257385722294,-0.0468025037685825,"chr20",1442169,1442170,"-",0.114326990456521,0,"TUTR","distal pA"
"NSL1","ENSG00000117697","PAS4811_AATAAA_0.2",0.622356910403535,NA,0.471590799884098,1,0.492256235151121,0.654581170221932,0.762447201689778,0.716347678006016,-0.0460995236837626,"chr1",212737758,212737759,"-",0.739397439847897,0,"TUTR","distal pA"
"NT5C2","ENSG00000076685","PAS29064_None_0.15",0.0529321745183843,NA,0.700798606457283,1,0.402515480962839,0.574208940338678,0.197171256202286,0.224092137510258,0.0269208813079728,"chr10",103087139,103087140,"-",0.210631696856272,0,"TUTR","distal pA"
"NUDT5","ENSG00000165609","PAS28207_AATAAA_0.15",0.721369401838498,NA,0.255788245311123,1,0.613028565517322,0.7514450568083,0.0802480401612561,0.0728404429531631,-0.00740759720809298,"chr10",12165330,12165331,"-",0.0765442415572096,0,"TUTR","distal pA"
"NUMB","ENSG00000133961","PAS37837_AATAAA_0.25",0.181033749608172,NA,2.77720628515408,1,0.0956148214451171,0.21131719963745,0.83927652150794,0.769752273860602,-0.0695242476473377,"chr14",73275217,73275218,"-",0.804514397684271,0,"TUTR","distal pA"
"NUP155","ENSG00000113569","PAS16119_AATAAA_0.3",0.634585255118616,NA,0.43810431827842,1,0.508038842124582,0.667586534642754,0.435557662257703,0.404345378680814,-0.0312122835768893,"chr5",37288137,37288138,"-",0.419951520469258,0,"TUTR","distal pA"
"NUP62","ENSG00000213024","PAS48447_AATAAA_0.4",0.590261760443517,NA,1.19928440535023,1,0.273464749518546,0.4406981629979,0.778276635288009,0.738678328561801,-0.0395983067262073,"chr19",49906828,49906829,"-",0.758477481924905,0,"TUTR","distal pA"
"NXN","ENSG00000167693","PAS43625_AATAAA_0.1",0.641780698059225,NA,0.422078306611638,1,0.515901827263181,0.673995062301911,0.884218949527982,0.858557775887209,-0.0256611736407726,"chr17",799345,799346,"-",0.871388362707596,0,"TUTR","distal pA"
"OARD1","ENSG00000124596","PAS19049_AATAAA_0.15",0.810054797522248,NA,0.596916199760813,1,0.439757060411613,0.608508592221927,0.199027408676564,0.252302593350112,0.0532751846735475,"chr6",41064772,41064773,"-",0.225665001013338,0,"TUTR","distal pA"
"OAZ2","ENSG00000180304","PAS39619_AATAAA_0.1",0.523790254771263,NA,0.751807051388823,1,0.385904710023383,0.558720292783076,0.822500568324902,0.84258684221379,0.0200862738888876,"chr15",64687576,64687577,"-",0.832543705269346,0,"TUTR","distal pA"
"OLA1","ENSG00000138430","PAS8569_AATAAA_0.05",1,NA,1.19705146062188e-06,1,0.999127035897476,1,0.870315563486271,0.870294742404216,-2.08210820555887e-05,"chr2",174075007,174075008,"-",0.870305152945243,0,"TUTR","distal pA"
"OPN3","ENSG00000054277","PAS5075_AATAAA_0.2",0.812335683685071,NA,0.121925567302583,1,0.726955367983881,0.835655416311701,0.181289746988098,0.211446973767544,0.0301572267794455,"chr1",241593205,241593206,"-",0.196368360377821,0,"TUTR","distal pA"
"ORC4","ENSG00000115947","PAS8380_APA_0.2",0.377180606524487,NA,2.36701074155962,1,0.123924146277743,0.25375687104835,0.0943805967998301,0.151955186460011,0.057574589660181,"chr2",147930396,147930397,"-",0.123167891629921,0,"TUTR","distal pA"
"ORMDL1","ENSG00000128699","PAS8672_ATTAAA_0.2",0.307630083988963,NA,0.747626682287319,1,0.387228679024732,0.559765252182719,0.758352145353659,0.795300979370953,0.0369488340172937,"chr2",189771311,189771312,"-",0.776826562362306,0,"TUTR","distal pA"
"OSBP","ENSG00000110048","PAS31233_ATTAAA_0.2",0.89723245191928,NA,0.0400107549301083,1,0.841459554407402,0.910292890639581,0.856343722328908,0.867053686650773,0.0107099643218651,"chr11",59574398,59574399,"-",0.86169870448984,0,"TUTR","distal pA"
"OSBPL1A","ENSG00000141447","PAS45668_AATAAA_0.2",0.491426937473285,NA,0.857371696730524,1,0.354475250267547,0.526934707760063,0.726206556950386,0.67001602105683,-0.0561905358935564,"chr18",24162052,24162053,"-",0.698111289003608,0,"TUTR","distal pA"
"OSBPL8","ENSG00000091039","PAS34602_AATAAA_0.35",1.12692431088986e-05,0.281385600128757,3.71452271488306,1,0.0539410443300642,0.136797785165352,0.307426157837076,0.256220530136951,-0.0512056277001246,"chr12",76351799,76351800,"-",0.281823343987014,0,"TUTR","distal pA"
"OSER1","ENSG00000132823","PAS49810_AATAAA_0.2",0.632280123190914,NA,0.222038049413186,1,0.63749139552367,0.769971740296038,0.131246419187214,0.117381967129186,-0.0138644520580281,"chr20",44196500,44196501,"-",0.1243141931582,0,"TUTR","distal pA"
"OSTM1","ENSG00000081087","PAS19478_AATAAA_0.45",0.812335683685071,NA,0.121260058539917,1,0.727671852466257,0.835753688620984,0.269083570451774,0.30247741989402,0.0333938494422461,"chr6",108041473,108041474,"-",0.285780495172897,0,"TUTR","distal pA"
"OTUD5","ENSG00000068308","PAS52694_AATAAA_0.1",0.947382811803552,NA,0.0122664293321577,1,0.911811492211429,0.954117316512329,0.722427872403603,0.726875773778288,0.00444790137468543,"chrX",48922210,48922211,"-",0.724651823090945,0,"TUTR","distal pA"
"OTUD7B","ENSG00000264522","PAS4038_AATAAA_0.15",0.799875575204393,NA,0.618777515093598,1,0.431501932023027,0.601116136430528,0.471382789150815,0.529649347983402,0.0582665588325867,"chr1",149937812,149937813,"-",0.500516068567109,0,"TUTR","distal pA"
"P4HA1","ENSG00000122884","PAS28707_None_0.05",0.896555272956668,NA,0.0409148497187743,1,0.839702372877647,0.909871282951594,0.919374448881596,0.925260545577254,0.00588609669565798,"chr10",73007216,73007217,"-",0.922317497229425,0,"TUTR","distal pA"
"PABPC1","ENSG00000070756","PAS24294_AATAAA_0.1",0.00155086843212575,0.000395257529502346,17.7451023692847,1,2.52566868038281e-05,0.000221472550793946,0.335533924516725,0.304506643307296,-0.0310272812094289,"chr8",100702915,100702916,"-",0.32002028391201,0,"TUTR","distal pA"
"PACC1","ENSG00000065600","PAS4802_AATAAA_0.4",0.896242120443006,NA,0.0412608858824797,1,0.839035176584942,0.9097121107232,0.760165309152897,0.744069352315329,-0.0160959568375684,"chr1",212364475,212364476,"-",0.752117330734113,0,"TUTR","distal pA"
"PANK3","ENSG00000120137","PAS17064_AATAAA_0.15",0.00016289562219565,0.238886729139796,5.88565722294152,1,0.0152646992128684,0.0515743073240975,0.565773800224566,0.496881189703015,-0.0688926105215512,"chr5",168548495,168548496,"-",0.53132749496379,0,"TUTR","distal pA"
"PAPSS1","ENSG00000138801","PAS14153_AATAAA_0.25",1,NA,9.75742102582444e-06,1,0.997507662352571,1,0.583744912727903,0.583515122846625,-0.000229789881278308,"chr4",107613666,107613667,"-",0.583630017787264,0,"TUTR","distal pA"
"PAQR3","ENSG00000163291","PAS13966_AATAAA_0.3",0.639775724934447,NA,0.426599539235895,1,0.513662237228345,0.672057781324397,0.882941082795613,0.843249652789824,-0.0396914300057888,"chr4",78917944,78917945,"-",0.863095367792718,0,"TUTR","distal pA"
"PDCD10","ENSG00000114209","PAS12083_AATAAA_0.25",0.512346891959738,NA,0.787329587669774,1,0.374908822902537,0.547306317302077,0.125549143123617,0.153283652658338,0.0277345095347209,"chr3",167683299,167683300,"-",0.139416397890978,0,"TUTR","distal pA"
"PDIA4","ENSG00000155660","PAS22408_AATAAA_0.45",0.589620633168139,NA,0.560131823987717,1,0.454207133560688,0.621317925893601,0.232215881867524,0.28442441553037,0.0522085336628462,"chr7",149003063,149003064,"-",0.258320148698947,0,"TUTR","distal pA"
"PDIA6","ENSG00000143870","PAS7337_AATAAA_0.25",0.421667169668565,NA,1.12332548789891,1,0.289203515617489,0.457390052107504,0.35406201276313,0.32732069429712,-0.0267413184660097,"chr2",10783392,10783393,"-",0.340691353530125,0,"TUTR","distal pA"
"PEDS1-UBE2V1","ENSG00000124208","PAS49913_AATAAA_0.2",0.350089059138246,NA,2.46807599088606,1,0.116180062036527,0.241896183565011,0.51648741238449,0.552849603439365,0.036362191054875,"chr20",50081370,50081371,"-",0.534668507911928,0,"TUTR","distal pA"
"PEX2","ENSG00000164751","PAS24080_AATAAA_0.35",0.486512790195925,NA,0.0314508263054449,1,0.859238342142107,0.920516879377478,0.112964953107722,0.118810320977423,0.00584536786970137,"chr8",76982063,76982064,"-",0.115887637042573,0,"TUTR","distal pA"
"PGAP1","ENSG00000197121","PAS8712_AATAAA_0.4",0.915128187839469,NA,0.0278739077326122,1,0.867405608164903,0.926423931307729,0.334235789194314,0.305513059719939,-0.0287227294743744,"chr2",196833004,196833005,"-",0.319874424457127,0,"TUTR","distal pA"
"PGRMC2","ENSG00000164040","PAS14262_AATAAA_0.4",0.0259749311911884,1,0.474286305461646,1,0.491021848397714,0.653741284346169,0.749549175966435,0.7282450337447,-0.021304142221735,"chr4",128270143,128270144,"-",0.738897104855568,0,"TUTR","distal pA"
"PHB1","ENSG00000167085","PAS44517_AATAAA_0.1",0.663590570261319,NA,0.37053768054102,1,0.54271133197987,0.695844182876757,0.121189993644832,0.111265147848048,-0.00992484579678425,"chr17",49404052,49404053,"-",0.11622757074644,0,"TUTR","distal pA"
"PHF23","ENSG00000040633","PAS43773_AATAAA_0.15",0.78698013771378,NA,0.153497652617602,1,0.695215036132219,0.812687142039936,0.237475503918239,0.212654865470232,-0.0248206384480071,"chr17",7235037,7235038,"-",0.225065184694236,0,"TUTR","distal pA"
"PHKA2","ENSG00000044446","PAS52556_AATAAA_0.2",0.642245337000345,NA,2.06087267997646e-05,1,0.996377869020013,1,0.298228752402593,0.297583569670266,-0.000645182732326832,"chrX",18892298,18892299,"-",0.297906161036429,0,"TUTR","distal pA"
"PHYH","ENSG00000107537","PAS28219_AATAAA_0.15",0.184934698984783,NA,2.73240768608048,1,0.098330944453945,0.215853674119542,0.438931354490799,0.367741908632455,-0.0711894458583449,"chr10",13277799,13277800,"-",0.403336631561627,0,"TUTR","distal pA"
"PI4KB","ENSG00000143393","PAS4115_AATAAA_0.05",0.0533376053285509,NA,5.34461732282853,1,0.0207863455631094,0.0653456954647645,0.113281711946575,0.0528244231809588,-0.0604572887656157,"chr1",151291804,151291805,"-",0.0830530675637667,0,"TUTR","distal pA"
"PIP4K2A","ENSG00000150867","PAS28338_AATAAA_0.3",0.258731420643839,NA,0.838531237191091,1,0.359817175825662,0.532137984945503,0.714293729693159,0.67135075343479,-0.0429429762583684,"chr10",22534972,22534973,"-",0.692822241563974,0,"TUTR","distal pA"
"PITPNA","ENSG00000174238","PAS43650_AATAAA_0.2",0.553479796285053,NA,0.661452447061038,1,0.416047642713279,0.586590430500393,0.613518485291244,0.655712617070567,0.0421941317793236,"chr17",1517990,1517991,"-",0.634615551180906,0,"TUTR","distal pA"
"PITPNB","ENSG00000180957","PAS51379_AATAAA_0.1",0.244788226402349,NA,2.94404500118799,1,0.0861946334520501,0.195955759104041,0.835395023732724,0.885485281954829,0.050090258222105,"chr22",27851669,27851670,"-",0.860440152843777,0,"TUTR","distal pA"
"PITRM1","ENSG00000107959","PAS28105_AATAAA_0.2",0.110255920317796,NA,1.38125077563745,1,0.23988820962023,0.403282481569293,0.913042915775275,0.893140822040885,-0.01990209373439,"chr10",3137729,3137730,"-",0.90309186890808,0,"TUTR","distal pA"
"PJA2","ENSG00000198961","PAS16567_AATAAA_0.3",0.229672647505001,NA,2.2950894938258,1,0.129783730098258,0.262166358237912,0.93370881311639,0.893065996758097,-0.0406428163582931,"chr5",109334721,109334722,"-",0.913387404937243,0,"TUTR","distal pA"
"PLEKHM1","ENSG00000225190","PAS44423_APA_0.1",0.115014239717765,NA,0.813177528113101,1,0.367182478049004,0.539964469075792,0.813426615148532,0.762790413609859,-0.050636201538673,"chr17",45435903,45435904,"-",0.788108514379195,0,"TUTR","distal pA"
"PLIN3","ENSG00000105355","PAS47575_AATAAA_0.25",0.0171917504907555,0,7.77525778745257,1,0.00529666572274633,0.0221625437460122,0.565581649470845,0.512499836607824,-0.0530818128630207,"chr19",4838341,4838342,"-",0.539040743039334,0,"TUTR","distal pA"
"PLXND1","ENSG00000004399","PAS11813_AATAAA_0.1",0.320195297365061,NA,1.64014382677419,1,0.200305735669132,0.355846899421489,0.936324699172692,0.880431822180323,-0.0558928769923692,"chr3",129555214,129555215,"-",0.908378260676508,0,"TUTR","distal pA"
"PNISR","ENSG00000132424","PAS19432_AATAAA_0.3",0.0676585820869764,NA,2.09819066875571,1,0.147473559853028,0.287854276972813,0.245302385462611,0.212264321212023,-0.0330380642505885,"chr6",99399966,99399967,"-",0.228783353337317,0,"TUTR","distal pA"
"PNPLA8","ENSG00000135241","PAS22150_ATTAAA_0.3",0.999871189520794,NA,5.18099046757925e-05,1,0.994256948536798,0.998939597846614,0.5317466250208,0.532809449835571,0.00106282481477149,"chr7",108471841,108471842,"-",0.532278037428186,0,"TUTR","distal pA"
"POC1A","ENSG00000164087","PAS11291_ATTAAA_0.15",0.625045706824528,NA,0.463832440381225,1,0.495838302681202,0.657731277552546,0.658365374616817,0.712586396846317,0.0542210222295,"chr3",52075253,52075254,"-",0.685475885731567,0,"TUTR","distal pA"
"POLE","ENSG00000177084","PAS35279_None_0.15",0.72191639128528,NA,0.254686142831702,1,0.61379457882328,0.751675969718364,0.798600751571322,0.827337342861584,0.0287365912902624,"chr12",132623761,132623762,"-",0.812969047216453,0,"TUTR","distal pA"
"POMT2","ENSG00000009830","PAS37914_AATAAA_0.1",0.656589024420458,NA,0.386497441277925,1,0.534146265173088,0.688657638723267,0.435164158068286,0.385836306756942,-0.0493278513113437,"chr14",77274957,77274958,"-",0.410500232412614,0,"TUTR","distal pA"
"PON2","ENSG00000105854","PAS21971_ATTAAA_0.15",0.588654724132772,NA,0.562908688120615,1,0.453090656254801,0.620317850490514,0.719717642625402,0.76184511972078,0.0421274770953775,"chr7",95404862,95404863,"-",0.740781381173091,0,"TUTR","distal pA"
"PPID","ENSG00000171497","PAS14397_AATAAA_0.2",0.837042810384586,NA,0.093985526842971,1,0.759170241875716,0.8562442615811,0.811127636480473,0.795907034331788,-0.0152206021486844,"chr4",158709135,158709136,"-",0.80351733540613,0,"TUTR","distal pA"
"PPP1R12A","ENSG00000058272","PAS34628_AATAAA_0.3",0.027678480126402,1,0.0851303319041108,1,0.770461699302498,0.864311904570984,0.231421165402881,0.222665631318959,-0.00875553408392232,"chr12",79773826,79773827,"-",0.22704339836092,0,"TUTR","distal pA"
"PPP2R5E","ENSG00000154001","PAS37705_AATAAA_0.05",0.97446433904928,NA,0.00314715430772594,1,0.955262539362038,0.975752545360606,0.181329548424052,0.183893385466728,0.00256383704267607,"chr14",63371363,63371364,"-",0.18261146694539,0,"TUTR","distal pA"
"PPP3CA","ENSG00000138814","PAS14105_AATAAA_0.3",0.260548087822265,NA,0.283416465436403,1,0.594470637848125,0.737028049763496,0.336662819545819,0.358582539054715,0.0219197195088962,"chr4",101023432,101023433,"-",0.347622679300267,0,"TUTR","distal pA"
"PRDM4","ENSG00000110851","PAS34825_ATTAAA_0.35",0.00131746309611645,1,0.449246546253562,1,0.502692974840072,0.663202319315079,0.463887426243277,0.437037000181143,-0.0268504260621331,"chr12",107732876,107732877,"-",0.45046221321221,0,"TUTR","distal pA"
"PRKAR2A","ENSG00000114302","PAS11198_AATAAA_0.1",0.999871189520794,NA,0.00865297888140049,1,0.925886568631485,0.961499520100606,0.34493183480322,0.348567106747587,0.00363527194436675,"chr3",48746586,48746587,"-",0.346749470775403,0,"TUTR","distal pA"
"PRKRA","ENSG00000180228","PAS8622_ATTAAA_0.15",0.525851583594233,NA,0.389117278764388,1,0.532763762732632,0.687671383954894,0.742237679215335,0.77109540529974,0.0288577260844054,"chr2",178431544,178431545,"-",0.756666542257537,0,"TUTR","distal pA"
"PROS1","ENSG00000184500","PAS11500_AATAAA_0.4",0.0604970438998539,NA,5.07815754413286,1,0.0242291039398664,0.0737011055562134,0.923416020444086,0.854186140965876,-0.0692298794782106,"chr3",93873112,93873113,"-",0.888801080704981,0,"TUTR","distal pA"
"PRXL2C","ENSG00000158122","PAS26248_AATAAA_0.2",0.62202309712566,NA,0.472969958729664,1,0.491624012308954,0.654141438873122,0.300765853229094,0.261303038885095,-0.0394628143439989,"chr9",96639579,96639580,"-",0.281034446057094,0,"TUTR","distal pA"
"PSMD5","ENSG00000095261","PAS26443_AATAAA_0.35",0.926571316587061,NA,0.0210546617286127,1,0.884630145185436,0.936092488907211,0.245583232585291,0.237624744858484,-0.00795848772680735,"chr9",120816072,120816073,"-",0.241603988721887,0,"TUTR","distal pA"
"PTK2","ENSG00000169398","PAS24618_ATTAAA_0.3",0.0397758203088039,0.0705272650125735,4.88826380451246,1,0.0270398650590551,0.0803172252941073,0.845541398855009,0.888335617234397,0.042794218379388,"chr8",140658404,140658405,"-",0.866938508044703,0,"TUTR","distal pA"
"PTPN14","ENSG00000152104","PAS4824_AATAAA_0.3",0.662906882876856,NA,0.37251477098971,1,0.541636683401886,0.695100410365754,0.77990218532985,0.810218548622095,0.0303163632922447,"chr1",214348703,214348704,"-",0.795060366975973,0,"TUTR","distal pA"
"PTPN3","ENSG00000070159","PAS26349_APA_0.2",0.958758215601738,NA,0.00747460503737329,1,0.931104092401802,0.963490524607298,0.304050621084492,0.295394555892737,-0.00865606519175444,"chr9",109375701,109375702,"-",0.299722588488614,0,"TUTR","distal pA"
"PTTG1IP","ENSG00000183255","PAS50621_AATAAA_0.1",0.694361959879539,NA,0.570904286927544,1,0.449899800467124,0.617808261849528,0.873951837778661,0.860554643696329,-0.0133971940823321,"chr21",44849597,44849598,"-",0.867253240737495,0,"TUTR","distal pA"
"PUM1","ENSG00000134644","PAS3044_APA_0.15",0.811998154342794,NA,0.122542736215109,1,0.726292883984543,0.835063553569848,0.288641192665833,0.2774813945721,-0.0111597980937325,"chr1",30931505,30931506,"-",0.283061293618966,0,"TUTR","distal pA"
"PUM2","ENSG00000055917","PAS7370_APA_0.15",0.20918314900376,NA,0.246684419243138,1,0.619419416651884,0.755967424743893,0.673093218577051,0.65575511950724,-0.0173380990698117,"chr2",20248739,20248740,"-",0.664424169042146,0,"TUTR","distal pA"
"PUS7L","ENSG00000129317","PAS34098_AATAAA_0.35",0.75612388088293,NA,-0.000406869457719949,1,1,1,0.33592521502249,0.339599291748102,0.00367407672561232,"chr12",43719045,43719046,"-",0.337762253385296,0,"TUTR","distal pA"
"PXDN","ENSG00000130508","PAS7279_AATAAA_0.35",9.56283108138456e-09,0.00607845652976077,9.26915229715814,1,0.00233045538208183,0.0111698769381329,0.267293909001379,0.216074024920859,-0.0512198840805201,"chr2",1631893,1631894,"-",0.241683966961119,0,"TUTR","distal pA"
"PXMP4","ENSG00000101417","PAS49652_AATAAA_0.25",0.69463757281508,NA,0.304092814440651,1,0.581327897816875,0.726060076234859,0.319689831821061,0.392883107442484,0.0731932756214231,"chr20",33704113,33704114,"-",0.356286469631773,0,"TUTR","distal pA"
"PYCR3","ENSG00000104524","PAS24675_AATAAA_0.25",0.924355210523428,NA,0.022714999529569,1,0.88020057072162,0.933728705209134,0.823291040551349,0.80980578401766,-0.0134852565336894,"chr8",143604238,143604239,"-",0.816548412284504,0,"TUTR","distal pA"
"QRICH1","ENSG00000198218","PAS11208_APA_0.2",0.369342504290748,NA,1.3644806440202,1,0.24276245378205,0.40654222541215,0.86975284188797,0.837181295875574,-0.0325715460123963,"chr3",49029759,49029760,"-",0.853467068881772,0,"TUTR","distal pA"
"RAB11FIP1","ENSG00000156675","PAS23799_AATAAA_0.25",0.538400605057032,NA,0.868705059163176,1,0.35131405258807,0.523671221801667,0.840633628043898,0.879377216257149,0.0387435882132505,"chr8",37858951,37858952,"-",0.860005422150524,0,"TUTR","distal pA"
"RAB1A","ENSG00000138069","PAS7786_AATAAA_0.15",0.0222047245216077,0.00672711902722165,9.08357767110465,1,0.00257914993158811,0.0121603181375928,0.139375077305858,0.0849887895373524,-0.0543862877685058,"chr2",65086854,65086855,"-",0.112181933421605,0,"TUTR","distal pA"
"RAB23","ENSG00000112210","PAS19218_AATAAA_0.3",0.431244021492194,NA,1.08293601676735,1,0.298041676315386,0.46705399011225,0.126172611845832,0.0768322702729123,-0.0493403415729193,"chr6",57186995,57186996,"-",0.101502441059372,0,"TUTR","distal pA"
"RAB35","ENSG00000111737","PAS35020_AATAAA_0.2",0.58683827874006,NA,0.214020403784161,1,0.643634337799052,0.775003818176898,0.822408747589186,0.812028688620541,-0.0103800589686456,"chr12",120095101,120095102,"-",0.817218718104863,0,"TUTR","distal pA"
"RAB40B","ENSG00000141542","PAS45091_AATAAA_0.15",0.553479796285053,NA,0.661312196327344,1,0.416097070546329,0.586590430500393,0.758734654441734,0.812221975773943,0.0534873213322095,"chr17",82657072,82657073,"-",0.785478315107838,0,"TUTR","distal pA"
"RAB5C","ENSG00000108774","PAS44297_APA_0.15",0.00447299827002678,0,10.6184491215281,1,0.00111964912891784,0.00602563859164924,0.936523900185513,0.887655280395118,-0.0488686197903946,"chr17",42124979,42124980,"-",0.912089590290315,0,"TUTR","distal pA"
"RAB6A","ENSG00000175582","PAS31557_AATAAA_0.2",0.543017230458279,NA,0.692116041767349,1,0.405445567736153,0.576772934330775,0.098328443211696,0.0720049803497963,-0.0263234628618997,"chr11",73675639,73675640,"-",0.0851667117807461,0,"TUTR","distal pA"
"RAC2","ENSG00000128340","PAS51491_AATAAA_0.3",0.259572429484073,NA,2.06419458155324,1,0.150794579915132,0.292486192940172,0.796744018456362,0.837145624857022,0.0404016064006603,"chr22",37225271,37225272,"-",0.816944821656692,0,"TUTR","distal pA"
"RAD1","ENSG00000113456","PAS16089_AATAAA_0.35",0.66870177364054,NA,0.318830611947305,1,0.572311253216438,0.719819097776381,0.208283147656947,0.240580866224323,0.0322977185673758,"chr5",34905262,34905263,"-",0.224432006940635,0,"TUTR","distal pA"
"RALGAPA2","ENSG00000188559","PAS49565_AATAAA_0.4",0.867148347408334,NA,0.0650876478878786,1,0.798628247567788,0.88336481794081,0.668185880694922,0.698175637340826,0.0299897566459036,"chr20",20389559,20389560,"-",0.683180759017874,0,"TUTR","distal pA"
"RAPH1","ENSG00000173166","PAS8779_AATAAA_0.3",0.565253166425471,NA,0.629362182124623,1,0.427589366210301,0.597109591168566,0.772997368204852,0.822931191133207,0.049933822928355,"chr2",203433817,203433818,"-",0.79796427966903,0,"TUTR","distal pA"
"RBBP5","ENSG00000117222","PAS4703_AATAAA_0.4",0.119684712695972,NA,3.62488837948695,1,0.0569213902684224,0.142445779146804,0.16618306186934,0.111044572365156,-0.0551384895041844,"chr1",205086147,205086148,"-",0.138613817117248,0,"TUTR","distal pA"
"RBFOX2","ENSG00000100320","PAS51461_AATAAA_0.1",0.118505088478854,NA,3.64503060792776,1,0.0562367701896939,0.141058035944273,0.310321817258461,0.253214040740414,-0.0571077765180475,"chr22",35738736,35738737,"-",0.281767928999438,0,"TUTR","distal pA"
"RBM18","ENSG00000119446","PAS26472_AATAAA_0.1",0.645781847322674,NA,0.413159294778211,1,0.520370312100019,0.678175149860546,0.345953320036164,0.29777023433369,-0.048183085702474,"chr9",122240009,122240010,"-",0.321861777184927,0,"TUTR","distal pA"
"RC3H1","ENSG00000135870","PAS4471_ATTAAA_0.3",0.465320626268038,NA,0.950746665166207,1,0.329529312928659,0.500544525404533,0.703006061570116,0.632250609928447,-0.0707554516416691,"chr1",173931215,173931216,"-",0.667628335749281,0,"TUTR","distal pA"
"RDH11","ENSG00000072042","PAS37771_ATTAAA_0.3",0.648294420251067,NA,0.0476229023079213,1,0.827252465437008,0.903410232689811,0.395445896011237,0.399977995345171,0.00453209933393356,"chr14",67677222,67677223,"-",0.397711945678204,0,"TUTR","distal pA"
"RERE","ENSG00000142599","PAS2679_AATAAA_0.1",0.437929447457572,NA,0.00891922973096371,1,0.924758312896444,0.960558742474572,0.58955217323448,0.593908430834867,0.00435625760038771,"chr1",8352405,8352406,"-",0.591730302034674,0,"TUTR","distal pA"
"REXO4","ENSG00000148300","PAS26673_AATAAA_0.2",0.897275238230155,NA,0.0398945768192789,1,0.841686847376097,0.910311747415654,0.916955283923356,0.911927811155894,-0.00502747276746196,"chr9",133406063,133406064,"-",0.914441547539625,0,"TUTR","distal pA"
"RFK","ENSG00000135002","PAS26105_AATAAA_0.1",0.899609979221832,NA,0.0379389273625748,1,0.84556582527609,0.912610772523659,0.684045237840693,0.669857601073672,-0.0141876367670211,"chr9",76385528,76385529,"-",0.676951419457182,0,"TUTR","distal pA"
"RFLNB","ENSG00000183688","PAS43609_APA_0.25",0.627916030524217,NA,1.31772356303554,1,0.251001008918574,0.416298257590798,0.369379693585953,0.420980305380443,0.0516006117944898,"chr17",442553,442554,"-",0.395179999483198,0,"TUTR","distal pA"
"RHOF","ENSG00000139725","PAS35104_AATAAA_0.25",4.91095548654701e-08,0.0868535985920031,6.44927359860958,1,0.0110997715347032,0.0400447260829202,0.687712423918895,0.7351828072839,0.0474703833650046,"chr12",121777758,121777759,"-",0.711447615601397,0,"TUTR","distal pA"
"RIOK2","ENSG00000058729","PAS16521_AATAAA_0.15",0.366383332476941,NA,1.3811855538338,1,0.239899307602236,0.403282481569293,0.149510220910376,0.101238021199063,-0.0482721997113138,"chr5",97160867,97160868,"-",0.12537412105472,0,"TUTR","distal pA"
"RLIM","ENSG00000131263","PAS52842_AATAAA_0.4",1,NA,0.00418759882450104,1,0.948403579655934,0.972007228641622,0.385349762326525,0.382352829654188,-0.00299693267233697,"chrX",74585230,74585231,"-",0.383851295990357,0,"TUTR","distal pA"
"RNF115","ENSG00000265491","PAS3994_AATAAA_0.25",0.333963316326315,NA,0.107499429178461,1,0.743009159288284,0.846689880487088,0.310113722696091,0.297210530890667,-0.0129031918054242,"chr1",145744433,145744434,"-",0.303662126793379,0,"TUTR","distal pA"
"RNF168","ENSG00000163961","PAS12370_AATAAA_0.1",0.333425296988096,NA,1.56491654547335,1,0.210946793025635,0.369492328019239,0.817676943562996,0.875401328033643,0.0577243844706468,"chr3",196468903,196468904,"-",0.84653913579832,0,"TUTR","distal pA"
"RNF170","ENSG00000120925","PAS23855_AATAAA_0.25",0.962676498903368,NA,0.00621298699724093,1,0.937173804835632,0.965929837297719,0.788817208997735,0.781001583024803,-0.00781562597293173,"chr8",42853301,42853302,"-",0.784909396011269,0,"TUTR","distal pA"
"RNF19A","ENSG00000034677","PAS24276_AATAAA_0.05",0.663590570261319,NA,0.370468542044591,1,0.542748983311354,0.695844182876757,0.804659446983891,0.833479490288099,0.0288200433042081,"chr8",100257067,100257068,"-",0.819069468635995,0,"TUTR","distal pA"
"ROCK2","ENSG00000134318","PAS7340_ATTAAA_0.05",0.00806151500337486,1,0.078044412410236,1,0.77996526489764,0.870321385020836,0.211768971055406,0.219197673141217,0.00742870208581137,"chr2",11180769,11180770,"-",0.215483322098311,0,"TUTR","distal pA"
"RPP25","ENSG00000178718","PAS39760_AATAAA_0.2",0.20965808724667,NA,2.4719562424425,1,0.115893602670771,0.24133836638738,0.149233761979763,0.0879330089424088,-0.0613007530373543,"chr15",74954418,74954419,"-",0.118583385461086,0,"TUTR","distal pA"
"RPS10-NUDT3","ENSG00000270800","PAS18976_AATAAA_0.25",0.371087901554797,NA,1.35341092378349,1,0.24468269854291,0.408316998735497,0.129691259470048,0.188718332456686,0.059027072986638,"chr6",34287197,34287198,"-",0.159204795963367,0,"TUTR","distal pA"
"RPUSD4","ENSG00000165526","PAS31973_AATAAA_0.4",0.770935433447261,NA,0.174415760465308,1,0.676216833050841,0.798585139167855,0.127619054873876,0.111533092070973,-0.0160859628029029,"chr11",126202098,126202099,"-",0.119576073472424,0,"TUTR","distal pA"
"RRAGC","ENSG00000116954","PAS3199_AATAAA_0.25",0.316952598059739,NA,1.65892690705004,1,0.197748273007234,0.352313564710177,0.224067687505665,0.189155008915946,-0.0349126785897194,"chr1",38838201,38838202,"-",0.206611348210806,0,"TUTR","distal pA"
"RRBP1","ENSG00000125844","PAS49538_ATTAAA_0",0.447961874096369,NA,1.01313628243861,1,0.314152653465163,0.483903879096293,0.648523075258171,0.681979977036274,0.0334569017781029,"chr20",17613678,17613679,"-",0.665251526147222,0,"TUTR","distal pA"
"RRP7A","ENSG00000189306","PAS51633_AATAAA_0.3",0.946809743361634,NA,0.0124765624771044,1,0.91106244182879,0.953870428475183,0.0809282883390402,0.0777608707595115,-0.00316741757952869,"chr22",42508345,42508346,"-",0.0793445795492758,0,"TUTR","distal pA"
"RTN4","ENSG00000115310","PAS7691_AATAAA_0.3",0.333963316326315,NA,1.56174256543454,1,0.211410257497657,0.369918203690292,0.352288054538093,0.337201046447153,-0.0150870080909407,"chr2",54972192,54972193,"-",0.344744550492623,0,"TUTR","distal pA"
"RUFY2","ENSG00000204130","PAS28644_AATAAA_0.3",0.56546216849909,NA,0.62843467240873,1,0.427930068275907,0.59736687175224,0.81146197074873,0.760502908792359,-0.0509590619563707,"chr10",68343518,68343519,"-",0.785982439770544,0,"TUTR","distal pA"
"RYBP","ENSG00000163602","PAS11463_AATAAA_0.3",0.898133294114568,NA,0.0392318383501333,1,0.842990072273135,0.911210918811869,0.734050753063133,0.722140946053793,-0.0119098070093395,"chr3",72374606,72374607,"-",0.728095849558463,0,"TUTR","distal pA"
"SAP130","ENSG00000136715","PAS8321_AATAAA_0.15",0.534239539767259,NA,0.71887156029652,1,0.396514307437701,0.568622797316828,0.882931165335254,0.843011249630099,-0.0399199157051546,"chr2",127941222,127941223,"-",0.862971207482676,0,"TUTR","distal pA"
"SATB1","ENSG00000182568","PAS10939_ATTAAA_0.2",0.62558338551957,NA,1.21084513632559,1,0.271164809379625,0.43839826866158,0.198109399862861,0.155581455929126,-0.0425279439337345,"chr3",18347942,18347943,"-",0.176845427895994,0,"TUTR","distal pA"
"SAV1","ENSG00000151748","PAS37563_ATTAAA_0.25",0.928423612671683,NA,0.138967017893265,1,0.709310103318217,0.822945891177314,0.241707104029078,0.229742517979588,-0.0119645860494899,"chr14",50633641,50633642,"-",0.235724811004333,0,"TUTR","distal pA"
"SBNO1","ENSG00000139697","PAS35183_None_0.25",9.50231369363426e-06,0.0742172857334669,6.00971788686729,1,0.0142273019585015,0.0487210211542052,0.571510141651915,0.509652822065711,-0.061857319586204,"chr12",123292021,123292022,"-",0.540581481858813,0,"TUTR","distal pA"
"SCAMP2","ENSG00000140497","PAS39753_AATAAA_0.25",0.60220568241903,NA,0.524634084478748,1,0.468871579830637,0.634112021238948,0.471272530160878,0.444962971218091,-0.0263095589427869,"chr15",74843731,74843732,"-",0.458117750689484,0,"TUTR","distal pA"
"SCD5","ENSG00000145284","PAS14003_AATAAA_0.15",0.97446433904928,NA,0.00313383695524294,1,0.955357195146353,0.975752545360606,0.842419321665909,0.837467213024939,-0.00495210864097029,"chr4",82629539,82629540,"-",0.839943267345424,0,"TUTR","distal pA"
"SEPTIN10","ENSG00000186522","PAS8194_AATAAA_0.3",0.394718379348824,NA,1.24491140886903,1,0.264526600786693,0.4316649463608,0.928170275332239,0.89748621223906,-0.0306840630931786,"chr2",109542985,109542986,"-",0.91282824378565,0,"TUTR","distal pA"
"SETX","ENSG00000107290","PAS26634_APA_0.1",0.655249066148782,NA,1.25880269047866,1,0.261877846661248,0.428629998014588,0.338579181596312,0.284044433396822,-0.0545347481994903,"chr9",132261440,132261441,"-",0.311311807496567,0,"TUTR","distal pA"
"SEZ6L2","ENSG00000174938","PAS41490_AATAAA_0.15",0.528036996987135,NA,0.737835088576503,1,0.390355260184065,0.562597519191177,0.334647097580037,0.386850815060994,0.0522037174809574,"chr16",29871160,29871161,"-",0.360748956320516,0,"TUTR","distal pA"
"SF3A3","ENSG00000183431","PAS3194_AATAAA_0.45",0.0216247589458678,1,0.748797604213905,1,0.386857183589482,0.55953901634433,0.418657396452232,0.445247145253408,0.0265897488011765,"chr1",37956981,37956982,"-",0.43195227085282,0,"TUTR","distal pA"
"SH3D19","ENSG00000109686","PAS14354_AATAAA_0.25",0.54555296293831,NA,0.99296270484524,1,0.319019340060909,0.489378600991702,0.78854436073361,0.73273349112601,-0.0558108696075992,"chr4",151120286,151120287,"-",0.76063892592981,0,"TUTR","distal pA"
"SH3KBP1","ENSG00000147010","PAS52562_AATAAA_0.35",0.49901285019054,NA,0.83336851566537,1,0.361300292659859,0.533571681510919,0.822223528203311,0.859517828348891,0.0372943001455796,"chrX",19535403,19535404,"-",0.840870678276101,0,"TUTR","distal pA"
"SHMT1","ENSG00000176974","PAS43924_AATAAA_0.25",0.646496954935448,NA,0.410945369401134,1,0.521490062820448,0.679158345424589,0.49988592701131,0.56499573703935,0.0651098100280402,"chr17",18327873,18327874,"-",0.53244083202533,0,"TUTR","distal pA"
"SHQ1","ENSG00000144736","PAS11465_AATAAA_0.25",0.84040217263084,NA,0.0905775557985748,1,0.76344419311792,0.859849340924658,0.672396696931724,0.701171163742519,0.0287744668107952,"chr3",72749278,72749279,"-",0.686783930337121,0,"TUTR","distal pA"
"SIAH2","ENSG00000181788","PAS11990_AATAAA_0.15",0.142290448274897,NA,3.25982230707677,1,0.0709968194145919,0.168468565106142,0.94965202020295,0.896034883608918,-0.0536171365940312,"chr3",150741125,150741126,"-",0.922843451905934,0,"TUTR","distal pA"
"SINHCAF","ENSG00000139146","PAS34011_AATAAA_0.25",0.0315043704403349,0.0169709715725995,8.65967085857119,1,0.00325330055803482,0.0146033805318065,0.239488643472481,0.171520551879759,-0.0679680915927218,"chr12",31280587,31280588,"-",0.20550459767612,0,"TUTR","distal pA"
"SIX4","ENSG00000100625","PAS37686_AATAAA_0.4",0.518978713091954,NA,0.767975091765038,1,0.380844203724967,0.553610994534517,0.838181495678744,0.797660900198291,-0.0405205954804533,"chr14",60709543,60709544,"-",0.817921197938518,0,"TUTR","distal pA"
"SKAP2","ENSG00000005020","PAS21474_AATAAA_0.35",0.0023845736246615,0.556989604966657,1.5472117313011,1,0.21354753732347,0.37270575418325,0.60743253529469,0.552699336276706,-0.0547331990179843,"chr7",26667070,26667071,"-",0.580065935785698,0,"TUTR","distal pA"
"SLC23A2","ENSG00000089057","PAS49487_AATAAA_0.1",0.460522812918122,NA,0.967265458632028,1,0.325363113757547,0.49595293420721,0.884882129954018,0.821943211753045,-0.0629389182009727,"chr20",4852358,4852359,"-",0.853412670853532,0,"TUTR","distal pA"
"SLC25A11","ENSG00000108528","PAS43737_AATAAA_0.3",0.697276411266848,NA,0.298553692568021,1,0.584790549410673,0.728469797624081,0.859086778020897,0.876655579114101,0.0175688010932034,"chr17",4937312,4937313,"-",0.867871178567499,0,"TUTR","distal pA"
"SLC25A17","ENSG00000100372","PAS51570_ATTAAA_0.4",0.746773816089968,NA,0.211393469458301,1,0.645677402522511,0.776256470715687,0.208849023451016,0.172581811498511,-0.0362672119525047,"chr22",40769636,40769637,"-",0.190715417474763,0,"TUTR","distal pA"
"SLC35C2","ENSG00000080189","PAS49863_AATAAA_0.25",0.71774015266634,NA,0.262880931417385,1,0.608147788930053,0.748281692262765,0.444809842370934,0.424085247256263,-0.0207245951146708,"chr20",46349729,46349730,"-",0.434447544813599,0,"TUTR","distal pA"
"SLC35E1","ENSG00000127526","PAS47873_AATAAA_0.35",0.924882491466276,NA,0.0654511197483316,1,0.7980788920682,0.88336481794081,0.33361727870839,0.316664427149428,-0.0169528515589621,"chr19",16549838,16549839,"-",0.325140852928909,0,"TUTR","distal pA"
"SLC36A4","ENSG00000180773","PAS31701_AATAAA_0.3",0.553479796285053,NA,0.0671944972127676,1,0.795466261335663,0.881171144943407,0.297978929455197,0.281690339742383,-0.0162885897128139,"chr11",93147685,93147686,"-",0.28983463459879,0,"TUTR","distal pA"
"SLC38A1","ENSG00000111371","PAS34121_ATTAAA_0.3",0.963546139290336,NA,0.320986931106745,1,0.571015138339394,0.718886066180049,0.334026575690154,0.323994274132989,-0.0100323015571647,"chr12",46183063,46183064,"-",0.329010424911572,0,"TUTR","distal pA"
"SLC9A3","ENSG00000066230","PAS15962_ATTAAA_0.2",0.768256964137342,NA,0.178896707709555,1,0.672323111860621,0.795869362214961,0.716999966852648,0.66588099274749,-0.051118974105158,"chr5",470510,470511,"-",0.691440479800069,0,"TUTR","distal pA"
"SLFN11","ENSG00000172716","PAS44123_AATAAA_0.45",0.974223329037584,NA,0.0032262665035887,1,0.954704328088716,0.975478916557505,0.372642545376552,0.375564336303269,0.00292179092671718,"chr17",35350312,35350313,"-",0.374103440839911,0,"TUTR","distal pA"
"SMARCC1","ENSG00000173473","PAS11157_AATAAA_0.15",0.661861938367716,NA,0.375546625097741,1,0.539996296991197,0.693953368827419,0.913757358528142,0.902973910571356,-0.0107834479567863,"chr3",47585893,47585894,"-",0.908365634549749,0,"TUTR","distal pA"
"SMIM12","ENSG00000163866","PAS3115_ATTAAA_0.35",0.90730452195026,NA,0.0329235782992328,1,0.85601550954965,0.919086619287921,0.756736293244369,0.768155446577452,0.0114191533330831,"chr1",34855045,34855046,"-",0.76244586991091,0,"TUTR","distal pA"
"SNIP1","ENSG00000163877","PAS3180_ATTAAA_0.2",0.905356991661043,NA,0.0349392599571274,1,0.851722993823801,0.917050415243184,0.519699558439044,0.498236196240258,-0.0214633621987864,"chr1",37534449,37534450,"-",0.508967877339651,0,"TUTR","distal pA"
"SNU13","ENSG00000100138","PAS51610_AATAAA_0.25",0.919693823384694,NA,0.268572010587377,1,0.604291292018387,0.744864772667025,0.184698314263094,0.176064454095818,-0.00863386016727585,"chr22",41673933,41673934,"-",0.180381384179456,0,"TUTR","distal pA"
"SNX3","ENSG00000112335","PAS19482_ATTAAA_0.35",0.0590302956594613,NA,2.53439174931918,1,0.11138980335253,0.235005757300013,0.0982975206791622,0.0742628208543804,-0.0240346998247819,"chr6",108211225,108211226,"-",0.0862801707667713,0,"TUTR","distal pA"
"SP3","ENSG00000172845","PAS8562_APA_0.3",0.631080116637105,NA,0.446636873554439,1,0.503936391491313,0.663804460216262,0.272330690539636,0.318014756569835,0.0456840660301995,"chr2",173906459,173906460,"-",0.295172723554736,0,"TUTR","distal pA"
"SPARC","ENSG00000113140","PAS16982_AATAAA_0.2",0.0047337736655112,0.000646102018053467,13.4293883168393,1,0.000247712872169852,0.00167366957712684,0.0862458866916902,0.143247499404881,0.0570016127131903,"chr5",151661449,151661450,"-",0.114746693048285,0,"TUTR","distal pA"
"SPART","ENSG00000133104","PAS35965_AATAAA_0.25",0.678324790702185,NA,0.337443155856818,1,0.561308811997407,0.7110895220524,0.0995398185662359,0.11583743957006,0.0162976210038238,"chr13",36303019,36303020,"-",0.107688629068148,0,"TUTR","distal pA"
"SPOP","ENSG00000121067","PAS44521_APA_0.1",0.102114983850188,NA,6.09943250060132,1,0.013522530125257,0.0467504475345296,0.130368851747378,0.0889902460240152,-0.0413786057233632,"chr17",49599284,49599285,"-",0.109679548885697,0,"TUTR","distal pA"
"SPRYD3","ENSG00000167778","PAS34270_APA_0.2",0.769927368931307,NA,0.175679113003753,1,0.675113144661059,0.797716094749329,0.304867588821811,0.325884525460738,0.0210169366389273,"chr12",53064316,53064317,"-",0.315376057141275,0,"TUTR","distal pA"
"SPTLC2","ENSG00000100596","PAS37922_AATAAA_0.2",0.366336259694399,NA,0.15960862727843,1,0.68951709990087,0.808641494323182,0.655900997266249,0.633354668849164,-0.0225463284170855,"chr14",77505997,77505998,"-",0.644627833057707,0,"TUTR","distal pA"
"SRP68","ENSG00000167881","PAS44906_ATTAAA_0.2",0.968311670502337,NA,0.361665347782946,1,0.54758279560715,0.69997003135912,0.588945357089562,0.609694173403575,0.0207488163140133,"chr17",76039105,76039106,"-",0.599319765246568,0,"TUTR","distal pA"
"SRPK1","ENSG00000096063","PAS19011_AATAAA_0.35",0.136298485485731,NA,2.83899747400392,1,0.0920015985100268,0.205919642485549,0.816415950929451,0.875954076204423,0.0595381252749725,"chr6",35833034,35833035,"-",0.846185013566937,0,"TUTR","distal pA"
"SSBP3","ENSG00000157216","PAS3431_ATTAAA_0.15",0.62072541783006,NA,0.476633931502874,1,0.489950976443251,0.652783050727555,0.11865588812927,0.101821538893588,-0.0168343492356814,"chr1",54225432,54225433,"-",0.110238713511429,0,"TUTR","distal pA"
"ST13","ENSG00000100380","PAS51574_AATAAA_0.4",5.59916198247394e-07,0.0250982446495087,7.94904261608099,1,0.00481128219292835,0.020453843572877,0.556522499479038,0.613267304548736,0.0567448050696974,"chr22",40826131,40826132,"-",0.584894902013887,0,"TUTR","distal pA"
"STAG1","ENSG00000118007","PAS11876_AATAAA_0.15",0.650092734417964,NA,0.386642764694898,1,0.534069407203652,0.688657638723267,0.490228292111445,0.450289773254351,-0.0399385188570937,"chr3",136336236,136336237,"-",0.470259032682898,0,"TUTR","distal pA"
"STING1","ENSG00000184584","PAS16849_None_0.2",0.672262221748115,NA,0.35259806086674,1,0.55264610260937,0.704780844105815,0.6011645636963,0.637107834866653,0.0359432711703533,"chr5",139475533,139475534,"-",0.619136199281477,0,"TUTR","distal pA"
"STK24","ENSG00000102572","PAS36239_AATAAA_0.25",0.392205327853247,NA,1.30181670159072,1,0.25388164865094,0.419525319859643,0.796362266193448,0.829749207310554,0.0333869411171062,"chr13",98452159,98452160,"-",0.813055736752001,0,"TUTR","distal pA"
"STMN1","ENSG00000117632","PAS2967_AATAAA_0.35",0.00410283126344319,0,10.8046721973296,1,0.00101244250827144,0.00554499762631999,0.111907331734945,0.176895560145141,0.0649882284101957,"chr1",25900120,25900121,"-",0.144401445940043,0,"TUTR","distal pA"
"STRBP","ENSG00000165209","PAS26490_AATAAA_0.3",0.379300093659601,NA,0.89637983101602,1,0.343754269732117,0.516127184957198,0.358088146787952,0.405279819818475,0.0471916730305232,"chr9",123125221,123125222,"-",0.381683983303213,0,"TUTR","distal pA"
"STRN3","ENSG00000196792","PAS37402_AATAAA_0.2",0.493479472255944,NA,0.850066942504327,1,0.356533400749573,0.528664656212016,0.266723526268817,0.22911161976487,-0.0376119065039468,"chr14",30893883,30893884,"-",0.247917573016843,0,"TUTR","distal pA"
"STX6","ENSG00000135823","PAS4524_AATAAA_0.35",0.613831727045072,NA,1.39719562791288,1,0.237193678769674,0.400410445988853,0.570587314707288,0.500000093110258,-0.0705872215970307,"chr1",180973041,180973042,"-",0.535293703908773,0,"TUTR","distal pA"
"SUCLA2","ENSG00000136143","PAS36049_AATAAA_0.1",0.664344329725902,NA,0.368576510517642,1,0.543781216071014,0.696547392925692,0.838732539343466,0.800481593761758,-0.0382509455817077,"chr13",47942656,47942657,"-",0.819607066552612,0,"TUTR","distal pA"
"SULT1A1","ENSG00000196502","PAS41468_AATAAA_0.4",0.781164583329003,NA,0.160770487676672,1,0.688448136121201,0.807577822909853,0.227393593882011,0.2748649898251,0.0474713959430893,"chr16",28605260,28605261,"-",0.251129291853556,0,"TUTR","distal pA"
"SUPT4H1","ENSG00000213246","PAS44614_APA_0.1",0.0234056776631913,0.00563728886760715,9.40723121151677,1,0.00216131350410137,0.0104749246290023,0.173001029261142,0.102659763584745,-0.0703412656763971,"chr17",58345177,58345178,"-",0.137830396422943,0,"TUTR","distal pA"
"SURF6","ENSG00000148296","PAS26664_ATTAAA_0.1",0.475305794654994,NA,1.81008893936723,1,0.17849756113855,0.328431048650255,0.122283539897729,0.162529280824847,0.0402457409271187,"chr9",133330716,133330717,"-",0.142406410361288,0,"TUTR","distal pA"
"SUSD1","ENSG00000106868","PAS26380_APA_0.15",0.651764756238767,NA,0.397625154002981,1,0.528318281757165,0.68414825360792,0.551089308650192,0.495176157909381,-0.0559131507408103,"chr9",112040784,112040785,"-",0.523132733279787,0,"TUTR","distal pA"
"TAB3","ENSG00000157625","PAS52611_ATTAAA_0.15",0.66776339756413,NA,0.36146428048994,1,0.547694134172332,0.699974834805005,0.678629306410389,0.74106290614036,0.0624335997299708,"chrX",30827602,30827603,"-",0.709846106275374,0,"TUTR","distal pA"
"TAF1C","ENSG00000103168","PAS41977_ATTAAA_0.4",0.427068968450287,NA,0.000232521821089904,1,0.987833796147139,0.993867418375037,0.355868816123738,0.355157423752955,-0.000711392370783326,"chr16",84177855,84177856,"-",0.355513119938347,0,"TUTR","distal pA"
"TASOR","ENSG00000163946","PAS11364_AATAAA_0.25",0.58683827874006,NA,0.567618280347233,1,0.451206903511861,0.618709740295032,0.749074224167421,0.70579358325122,-0.0432806409162011,"chr3",56620132,56620133,"-",0.727433903709321,0,"TUTR","distal pA"
"TBC1D5","ENSG00000131374","PAS10931_AATAAA_0.35",0.907753712518793,NA,0.032543012979886,1,0.856841049963017,0.919366143071301,0.590993739586295,0.582058476750108,-0.0089352628361874,"chr3",17157170,17157171,"-",0.586526108168201,0,"TUTR","distal pA"
"TBCC","ENSG00000124659","PAS19088_AATAAA_0.25",0.643851128980429,NA,0.417588043691012,1,0.518143023697642,0.67581388868171,0.914511363963348,0.934978953180906,0.0204675892175579,"chr6",42744500,42744501,"-",0.924745158572127,0,"TUTR","distal pA"
"TBL1XR1","ENSG00000177565","PAS12149_AATAAA_0.2",0.0236485663044954,1,2.07851654198021,1,0.149385295869693,0.290305230033719,0.240162548780331,0.206654991243433,-0.0335075575368984,"chr3",177020754,177020755,"-",0.223408770011882,0,"TUTR","distal pA"
"TBL2","ENSG00000106638","PAS21818_AATAAA_0.45",0.693719784027774,NA,0.306733512330823,1,0.579691584233472,0.724927250037761,0.159058749591544,0.201072819607317,0.042014070015773,"chr7",73568943,73568944,"-",0.180065784599431,0,"TUTR","distal pA"
"TCEA3","ENSG00000204219","PAS2909_AATAAA_0.25",0.706453252945531,NA,0.283889072875809,1,0.594163436770209,0.736717370433389,0.391009299970848,0.3641587634333,-0.0268505365375477,"chr1",23381063,23381064,"-",0.377584031702074,0,"TUTR","distal pA"
"TCTN3","ENSG00000119977","PAS28930_AATAAA_0.3",0.479693021846642,NA,0.897435253210915,1,0.343470346135639,0.515879223232392,0.443254249529665,0.495335751555371,0.052081502025706,"chr10",95663402,95663403,"-",0.469295000542518,0,"TUTR","distal pA"
"TEX261","ENSG00000144043","PAS7869_AATAAA_0.3",0.289788236902961,NA,1.83960477600408,1,0.174997276978321,0.32379348291183,0.90006813917494,0.842581323361946,-0.0574868158129938,"chr2",70985943,70985944,"-",0.871324731268443,0,"TUTR","distal pA"
"THAP1","ENSG00000131931","PAS23851_ATTAAA_0.25",0.956744812653871,NA,0.000300677810173511,1,0.986165324166341,0.992726027955179,0.514851508369339,0.513209633819138,-0.00164187455020071,"chr8",42836674,42836675,"-",0.514030571094238,0,"TUTR","distal pA"
"THAP5","ENSG00000177683","PAS22152_AATAAA_0.35",0.603185936707185,NA,0.521544714206129,1,0.470183493724263,0.635230707438428,0.826927618572317,0.768734542977533,-0.0581930755947841,"chr7",108562228,108562229,"-",0.797831080774925,0,"TUTR","distal pA"
"TIMELESS","ENSG00000111602","PAS34384_ATTAAA_0.15",0.273015591918191,NA,2.79481795431684,1,0.0945695064233442,0.209505105053963,0.814060631281343,0.882320112321265,0.0682594810399226,"chr12",56417123,56417124,"-",0.848190371801304,0,"TUTR","distal pA"
"TIMM13","ENSG00000099800","PAS47502_AATAAA_0.3",0.76588547719,NA,0.651764080823341,1,0.419482679885878,0.590005200319382,0.782922209020564,0.805147369546474,0.0222251605259094,"chr19",2426565,2426566,"-",0.794034789283519,0,"TUTR","distal pA"
"TK2","ENSG00000166548","PAS41693_APA_0.15",0.457806006448382,NA,0.395937329158187,1,0.52919488333245,0.685078891445003,0.460316923449364,0.419047605890625,-0.0412693175587396,"chr16",66509442,66509443,"-",0.439682264669995,0,"TUTR","distal pA"
"TM2D2","ENSG00000169490","PAS23829_AATAAA_0.35",0.85289950915848,NA,0.0777919344786824,1,0.780312316889673,0.870559343251485,0.0855265010677352,0.076187592368188,-0.00933890869954719,"chr8",38990528,38990529,"-",0.0808570467179616,0,"TUTR","distal pA"
"TMCO1","ENSG00000143183","PAS4377_AATAAA_0.35",0.178527839309565,NA,0.021044117413112,1,0.884658835670551,0.936092488907211,0.216874530858995,0.210077066562083,-0.00679746429691194,"chr1",165727013,165727014,"-",0.213475798710539,0,"TUTR","distal pA"
"TMEM101","ENSG00000091947","PAS44361_AATAAA_0.05",0.208331382920739,NA,2.49258790774638,1,0.114383503248994,0.239707959447048,0.752091414992684,0.806575697803246,0.0544842828105618,"chr17",44011188,44011189,"-",0.779333556397965,0,"TUTR","distal pA"
"TMEM123","ENSG00000152558","PAS31760_AATAAA_0.35",0.0792145500824205,NA,4.49417848819121,1,0.0340104513910138,0.0959206770592247,0.881283064278178,0.816662862083313,-0.0646202021948656,"chr11",102396335,102396336,"-",0.848972963180746,0,"TUTR","distal pA"
"TMEM186","ENSG00000184857","PAS41266_AATAAA_0.35",0.713580678914387,NA,0.270293524132285,1,0.603134941794138,0.744083712321494,0.887219035897499,0.856322473385461,-0.030896562512038,"chr16",8795453,8795454,"-",0.87177075464148,0,"TUTR","distal pA"
"TMEM245","ENSG00000106771","PAS26336_AATAAA_0.4",0.673679576948102,NA,1.17663733953668,1,0.27804163106876,0.446063472660188,0.310410207249202,0.282895043227207,-0.0275151640219943,"chr9",109015153,109015154,"-",0.296652625238204,0,"TUTR","distal pA"
"TMEM267","ENSG00000151881","PAS16180_AATAAA_0.35",0.767637388340747,NA,0.179779711524588,1,0.671562621339402,0.795253834879392,0.363936251923003,0.395068671643496,0.0311324197204931,"chr5",43444678,43444679,"-",0.379502461783249,0,"TUTR","distal pA"
"TMEM40","ENSG00000088726","PAS10867_AATAAA_0.4",0.562951646728151,NA,0.978282852423149,1,0.322623110232557,0.49322858588045,0.171329600624952,0.23828901964244,0.0669594190174879,"chr3",12733868,12733869,"-",0.204809310133696,0,"TUTR","distal pA"
"TMEM65","ENSG00000164983","PAS24514_APA_0.25",0.12722804536911,NA,0.0536357849878186,1,0.816853361173098,0.895812640228007,0.300924521995573,0.288893095007922,-0.0120314269876507,"chr8",124311392,124311393,"-",0.294908808501747,0,"TUTR","distal pA"
"TMEM68","ENSG00000167904","PAS23904_ATTAAA_0.35",0.53380065615456,NA,0.720244844663057,1,0.396063607413803,0.56824429143063,0.79578968889409,0.839326449088453,0.0435367601943636,"chr8",55738760,55738761,"-",0.817558068991272,0,"TUTR","distal pA"
"TMEM87A","ENSG00000103978","PAS39291_APA_0.35",0.0479969492758885,0,5.56991193622889,1,0.0182716796888812,0.0591466089033362,0.194186937878764,0.139693138132603,-0.0544937997461608,"chr15",42210535,42210536,"-",0.166940038005683,0,"TUTR","distal pA"
"TMEM9B","ENSG00000175348","PAS30901_AATAAA_0.25",0.832135226142099,NA,0.099185004220999,1,0.752809861447284,0.852700312848005,0.885201739467271,0.896577106699918,0.0113753672326473,"chr11",8947293,8947294,"-",0.890889423083595,0,"TUTR","distal pA"
"TMX3","ENSG00000166479","PAS45915_AATAAA_0.2",0.722277910015588,NA,0.0474446160285424,1,0.827571035733279,0.903606468199124,0.7249342181507,0.74276983854013,0.0178356203894304,"chr18",68673689,68673690,"-",0.733852028345415,0,"TUTR","distal pA"
"TNFSF18","ENSG00000120337","PAS4456_AATAAA_0.15",0.507895500001907,NA,0.803455063705485,1,0.370062365771101,0.542299725876052,0.733835467890967,0.660467010619142,-0.0733684572718254,"chr1",173039201,173039202,"-",0.697151239255055,0,"TUTR","distal pA"
"TNPO3","ENSG00000064419","PAS22247_AATAAA_0.15",0.777512634327677,NA,0.00170595330064316,1,0.967054191954206,0.98236827484294,0.511926848876575,0.513813808086311,0.00188695920973636,"chr7",128954186,128954187,"-",0.512870328481443,0,"TUTR","distal pA"
"TOP2B","ENSG00000077097","PAS10966_ATTAAA_0.1",0.426582420995983,NA,0.268441353506205,1,0.604379246907921,0.744864772667025,0.848008039665609,0.859611536034596,0.0116034963689869,"chr3",25597983,25597984,"-",0.853809787850102,0,"TUTR","distal pA"
"TOP3A","ENSG00000177302","PAS43920_APA_0.1",0.453213482635271,NA,1.08562313742596,1,0.297443018781301,0.466452880621966,0.395001309806145,0.464437473030401,0.0694361632242562,"chr17",18272669,18272670,"-",0.429719391418273,0,"TUTR","distal pA"
"TOPORS","ENSG00000197579","PAS25938_AATAAA_0.2",0.92207287585572,NA,0.0241560352333181,1,0.876488547199523,0.931537525703602,0.212506464378119,0.219785774715631,0.00727931033751222,"chr9",32540544,32540545,"-",0.216146119546875,0,"TUTR","distal pA"
"TP53RK","ENSG00000172315","PAS49872_ATTAAA_0.1",0.85459564646238,NA,0.0760270557324247,1,0.782755420028434,0.871939417978943,0.150945931195724,0.136965235513961,-0.0139806956817634,"chr20",46684365,46684366,"-",0.143955583354842,0,"TUTR","distal pA"
"TRAK2","ENSG00000115993","PAS8751_AATAAA_0.05",0.887675474929457,NA,0.00420561483417714,1,0.948292864137004,0.971970308838597,0.689610802813947,0.683268050451377,-0.00634275236256943,"chr2",201377207,201377208,"-",0.686439426632662,0,"TUTR","distal pA"
"TRAPPC6B","ENSG00000182400","PAS37476_AATAAA_0.4",0.813651329147277,NA,0.119419230640233,1,0.729665236225377,0.836870590428418,0.903635198689698,0.918630613159016,0.0149954144693186,"chr14",39147822,39147823,"-",0.911132905924357,0,"TUTR","distal pA"
"TRAPPC9","ENSG00000167632","PAS24602_AATAAA_0.1",0.712883658413045,NA,0.271838347114226,1,0.602101251051863,0.743624479916368,0.112033431469878,0.093840333414829,-0.0181930980550492,"chr8",139727984,139727985,"-",0.102936882442354,0,"TUTR","distal pA"
"TRIM25","ENSG00000121060","PAS44578_AATAAA_0.15",0.924673200026959,NA,0.377570042917796,1,0.538906585803107,0.69296357717943,0.320973596168786,0.307686297363749,-0.0132872988050369,"chr17",56887909,56887910,"-",0.314329946766267,0,"TUTR","distal pA"
"TRIM65","ENSG00000141569","PAS44894_AATAAA_0.45",0.727116942424111,NA,0.243902869803151,1,0.621401358596492,0.757427667958517,0.921701132265957,0.908957384151802,-0.0127437481141548,"chr17",75888963,75888964,"-",0.915329258208879,0,"TUTR","distal pA"
"TRMT1L","ENSG00000121486","PAS4559_APA_0.3",0.690446821271658,NA,0.017371889527908,1,0.895140537532648,0.943348219542626,0.576565845494489,0.58956297466063,0.0129971291661412,"chr1",185119046,185119047,"-",0.58306441007756,0,"TUTR","distal pA"
"TRMT6","ENSG00000089195","PAS49505_ATTAAA_0.05",0.867148347408334,NA,0.0651858516403081,1,0.7984796605476,0.88336481794081,0.76160449031398,0.747410665652828,-0.0141938246611524,"chr20",5937839,5937840,"-",0.754507577983404,0,"TUTR","distal pA"
"TSPYL1","ENSG00000189241","PAS19540_AATAAA_0.2",0.712659501479332,NA,0.272346996228407,1,0.601761715058059,0.743446805093565,0.874030530321284,0.85637593127038,-0.0176545990509037,"chr6",116276726,116276727,"-",0.865203230795832,0,"TUTR","distal pA"
"TSR1","ENSG00000167721","PAS43670_AATAAA_0.15",0.544375503233586,NA,0.907009118236601,1,0.340909235033072,0.513276857050256,0.261127823082735,0.227611940298494,-0.0335158827842406,"chr17",2322396,2322397,"-",0.244369881690615,0,"TUTR","distal pA"
"TTC28","ENSG00000100154","PAS51384_None_0.25",0.329063764239814,NA,0.0070920701682553,1,0.932885945708866,0.964239206949657,0.656891074389331,0.660249634066451,0.00335855967712018,"chr22",27981229,27981230,"-",0.658570354227891,0,"TUTR","distal pA"
"TTI2","ENSG00000129696","PAS23783_AATAAA_0.35",0.890790935492258,NA,0.0472129637864782,1,0.827985900824677,0.903729129211722,0.228209168573468,0.243034941533456,0.0148257729599875,"chr8",33498719,33498720,"-",0.235622055053462,0,"TUTR","distal pA"
"TUBB2B","ENSG00000137285","PAS18590_AATAAA_0.45",0.678856211661062,NA,0.33546859643775,1,0.562456585881881,0.711781343195654,0.248674700179654,0.270479267801448,0.0218045676217939,"chr6",3224283,3224284,"-",0.259576983990551,0,"TUTR","distal pA"
"TXN2","ENSG00000100348","PAS51478_AATAAA_0.25",0.924355210523428,NA,0.0228940775632509,1,0.879732845654768,0.933689219517617,0.429290030137573,0.425287367605859,-0.00400266253171433,"chr22",36467048,36467049,"-",0.427288698871716,0,"TUTR","distal pA"
"TXNIP","ENSG00000265972","PAS4011_AATAAA_0.15",0.396659465693249,NA,1.23634202644826,1,0.266177200904293,0.433241265211703,0.874053328848907,0.853596540149536,-0.0204567886993703,"chr1",145992434,145992435,"-",0.863824934499221,0,"TUTR","distal pA"
"UBA6","ENSG00000033178","PAS13870_AATAAA_0.35",0.300029996336558,NA,0.937481414548074,1,0.332926400169023,0.503295916054774,0.632763369763403,0.580631776331976,-0.0521315934314274,"chr4",67616805,67616806,"-",0.606697573047689,0,"TUTR","distal pA"
"UBAC1","ENSG00000130560","PAS26696_AATAAA_0.05",0.660129603497454,NA,0.379020007166218,1,0.53812817907135,0.692373145566094,0.841936869740566,0.864999548997323,0.023062679256757,"chr9",135932969,135932970,"-",0.853468209368944,0,"TUTR","distal pA"
"UBE2G2","ENSG00000184787","PAS50610_AATAAA_0.05",0.280374918970395,NA,3.37062091264397,1,0.0663687373214912,0.159405016383272,0.879497930642821,0.831059841755232,-0.0484380888875892,"chr21",44769045,44769046,"-",0.855278886199027,0,"TUTR","distal pA"
"UBE2J2","ENSG00000160087","PAS2556_APA_0.15",0.419330535957632,NA,1.13451799800532,1,0.286813689487917,0.455209962442526,0.151961465511687,0.182166000039988,0.0302045345283005,"chr1",1253913,1253914,"-",0.167063732775838,0,"TUTR","distal pA"
"UBE2W","ENSG00000104343","PAS24059_AATAAA_0.2",0.49073247575042,NA,0.71638473599478,1,0.39733234780028,0.569247065088373,0.294968073290878,0.259637368715283,-0.035330704575595,"chr8",73790612,73790613,"-",0.277302721003081,0,"TUTR","distal pA"
"UBE3A","ENSG00000114062","PAS39135_AATAAA_0.2",0.0212151285152073,0.955343064250401,2.39028278185287,1,0.122091541655697,0.250714412429476,0.204853302116787,0.174993365582794,-0.0298599365339925,"chr15",25337249,25337250,"-",0.189923333849791,0,"TUTR","distal pA"
"UBTF","ENSG00000108312","PAS44374_AATAAA_0.2",0.750518965986745,NA,0.00843798706773669,1,0.926810451032736,0.961692400868271,0.286596198277073,0.289133432260113,0.0025372339830404,"chr17",44205042,44205043,"-",0.287864815268593,0,"TUTR","distal pA"
"UBXN6","ENSG00000167671","PAS47558_AATAAA_0.05",0.733827814185241,NA,0.233663873184014,1,0.628820329719017,0.763823294187769,0.857335316356923,0.868459284949738,0.0111239685928143,"chr19",4445006,4445007,"-",0.86289730065333,0,"TUTR","distal pA"
"UBXN7","ENSG00000163960","PAS12361_AATAAA_0.1",0.510539894234215,NA,0.0112805345706875,1,0.915415847267288,0.956058874894308,0.490158087659821,0.485321784239025,-0.00483630342079677,"chr3",196347662,196347663,"-",0.487739935949423,0,"TUTR","distal pA"
"UCK1","ENSG00000130717","PAS26628_AATAAA_0.2",0.641573695360754,NA,0.423141900079941,1,0.515373446148157,0.673687057230132,0.897471022827924,0.864954802475851,-0.0325162203520729,"chr9",131523803,131523804,"-",0.881212912651887,0,"TUTR","distal pA"
"UGDH","ENSG00000109814","PAS13739_AATAAA_0.3",0.347750889327894,NA,1.48227172226461,1,0.223419428270737,0.383910870208253,0.542469512867278,0.593973086157494,0.0515035732902164,"chr4",39498759,39498760,"-",0.568221299512386,0,"TUTR","distal pA"
"UQCC1","ENSG00000101019","PAS49696_AATAAA_0.25",0.0678444410254163,NA,4.82330460654293,1,0.0280774657894088,0.0824395447467457,0.82408713341829,0.750787892799324,-0.0732992406189663,"chr20",35302579,35302580,"-",0.787437513108807,0,"TUTR","distal pA"
"UQCC6","ENSG00000204954","PAS34792_APA_0.2",0.629406616715175,NA,1.33449355512857,1,0.24800738023547,0.412542507861967,0.61445701461783,0.549549549522677,-0.0649074650951527,"chr12",103951253,103951254,"-",0.582003282070254,0,"TUTR","distal pA"
"USP36","ENSG00000055483","PAS44968_None_0.25",2.65035752390143e-05,1,0.00620165453983645,1,0.937231009864586,0.965929837297719,0.199149872312195,0.197781802159789,-0.0013680701524055,"chr17",78798911,78798912,"-",0.198465837235992,0,"TUTR","distal pA"
"USP4","ENSG00000114316","PAS11222_APA_0.2",0.628331109105144,NA,0.453787884443955,1,0.500541615701407,0.661408209293502,0.198601071731375,0.181371240210991,-0.0172298315203847,"chr3",49277830,49277831,"-",0.189986155971183,0,"TUTR","distal pA"
"USP45","ENSG00000123552","PAS19437_AATAAA_0.3",0.5999290052307,NA,0.531081340852836,1,0.466152595845715,0.631616381688909,0.747231941166513,0.813953356930362,0.0667214157638486,"chr6",99432439,99432440,"-",0.780592649048438,0,"TUTR","distal pA"
"USP48","ENSG00000090686","PAS2878_AATAAA_0.45",0.954816861498464,NA,0.0910871923999821,1,0.762799538944188,0.859420813877118,0.124825750977584,0.137248456482527,0.0124227055049429,"chr1",21678594,21678595,"-",0.131037103730055,0,"TUTR","distal pA"
"USP7","ENSG00000187555","PAS41275_AATAAA_0.1",0.0105653417254828,1,0.441978534481677,1,0.506169043723885,0.665801856462035,0.379569746238573,0.401994737883265,0.0224249916446927,"chr16",8893492,8893493,"-",0.390782242060919,0,"TUTR","distal pA"
"VAV2","ENSG00000160293","PAS26681_AATAAA_0.15",0.909615210368695,NA,0.0308112270756737,1,0.860662201550355,0.921187467410328,0.628377248766349,0.639917085049579,0.0115398362832295,"chr9",133761894,133761895,"-",0.634147166907964,0,"TUTR","distal pA"
"VCP","ENSG00000165280","PAS25991_ATTAAA_0.4",0.479693021846642,NA,0.89728839556301,1,0.343509833959016,0.515879223232392,0.164152395025213,0.190752573578895,0.0266001785536814,"chr9",35056067,35056068,"-",0.177452484302054,0,"TUTR","distal pA"
"VGLL4","ENSG00000144560","PAS10850_AATAAA_0.25",0.862321071785618,NA,0.0696753582915335,1,0.791810045473569,0.878341498742439,0.506153491287115,0.517003499245998,0.0108500079588831,"chr3",11556069,11556070,"-",0.511578495266556,0,"TUTR","distal pA"
"VSIG10","ENSG00000176834","PAS35002_AATAAA_0.15",0.246744980786242,NA,0.094529735715696,1,0.758495635997972,0.8562442615811,0.477317297167096,0.465582592643218,-0.0117347045238778,"chr12",118063594,118063595,"-",0.471449944905157,0,"TUTR","distal pA"
"WARS1","ENSG00000140105","PAS38083_AATAAA_0.05",1,NA,0.000113627076643752,1,0.991495030633964,0.996626358229552,0.67652008221529,0.677312828182715,0.000792745967424957,"chr14",100333789,100333790,"-",0.676916455199003,0,"TUTR","distal pA"
"WASF2","ENSG00000158195","PAS2995_APA_0.1",0.255357707125459,NA,2.09632513782162,1,0.147653642918601,0.288068494048278,0.252515707399218,0.220018200298525,-0.0324975071006929,"chr1",27404230,27404231,"-",0.236266953848871,0,"TUTR","distal pA"
"WDFY1","ENSG00000085449","PAS8918_AATAAA_0.2",0.934682038927666,NA,0.0176452870100547,1,0.894323427734919,0.942639783339908,0.906780357807195,0.913931115463136,0.00715075765594098,"chr2",223875348,223875349,"-",0.910355736635165,0,"TUTR","distal pA"
"WDR12","ENSG00000138442","PAS8773_AATAAA_0.25",0.976881745274644,NA,0.00257568402594188,1,0.959523779647834,0.978893791573741,0.114481946741027,0.116497347246483,0.00201540050545619,"chr2",202878461,202878462,"-",0.115489646993755,0,"TUTR","distal pA"
"WDR26","ENSG00000162923","PAS4889_AATAAA_0.35",0.510657345492916,NA,2.27334032114595,1,0.131615954258428,0.264880670084276,0.213893971582616,0.258258148765882,0.044364177183266,"chr1",224387843,224387844,"-",0.236076060174249,0,"TUTR","distal pA"
"WDR35","ENSG00000118965","PAS7360_AATAAA_0.45",0.960044377672441,NA,0.00702367377107294,1,0.933209595317809,0.964333873093834,0.586426260962797,0.593211182152151,0.00678492118935392,"chr2",19910269,19910270,"-",0.589818721557474,0,"TUTR","distal pA"
"WDR89","ENSG00000140006","PAS37713_ATTAAA_0.2",0.833297340782998,NA,0.0977418823584344,1,0.754556478168334,0.853561802557715,0.775969483151261,0.800085969388451,0.0241164862371903,"chr14",63597039,63597040,"-",0.788027726269856,0,"TUTR","distal pA"
"XBP1","ENSG00000100219","PAS51390_ATTAAA_0.15",0.287322842789209,NA,1.85857575103637,1,0.172789269036564,0.321397394417093,0.906919710935101,0.874970080644569,-0.0319496302905322,"chr22",28794560,28794561,"-",0.890944895789835,0,"TUTR","distal pA"
"YIPF2","ENSG00000130733","PAS47728_AATAAA_0.15",0.940716619931311,NA,0.0150827944144112,1,0.902255948778508,0.948542305821193,0.650696821699351,0.644467936985807,-0.00622888471354355,"chr19",10922193,10922194,"-",0.647582379342579,0,"TUTR","distal pA"
"YTHDF1","ENSG00000149658","PAS50065_AATAAA_0.25",0.68832907747081,NA,0.318585560604333,1,0.572458913616212,0.719819097776381,0.890761322173528,0.869226090756209,-0.0215352314173187,"chr20",63195431,63195432,"-",0.879993706464868,0,"TUTR","distal pA"
"ZBTB2","ENSG00000181472","PAS19777_AATAAA_0.25",0.789714383621042,NA,0.150257527979193,1,0.698289376756278,0.814609126646337,0.882925844922692,0.864845659845609,-0.0180801850770836,"chr6",151364116,151364117,"-",0.87388575238415,0,"TUTR","distal pA"
"ZBTB20","ENSG00000181722","PAS11646_None_0.1",0.322431196118086,NA,-0.00266812104018754,1,1,1,0.336754996920431,0.335265033583685,-0.00148996333674523,"chr3",114332058,114332059,"-",0.336010015252058,0,"TUTR","distal pA"
"ZBTB41","ENSG00000177888","PAS4602_AATAAA_0.35",0.209344906363734,NA,-0.0019101125292309,1,1,1,0.780342802230358,0.785755607857267,0.00541280562690893,"chr1",197153683,197153684,"-",0.783049205043813,0,"TUTR","distal pA"
"ZBTB7A","ENSG00000178951","PAS47550_AATAAA_0.45",0.125385614076728,NA,3.07691533150137,1,0.0794110042259807,0.183190107781012,0.291939264455282,0.25695087984349,-0.034988384611792,"chr19",4046339,4046340,"-",0.274445072149386,0,"TUTR","distal pA"
"ZBTB8OS","ENSG00000176261","PAS3085_AATAAA_0.3",0.581127599207853,NA,0.583050725735575,1,0.445119012159206,0.613365548936396,0.133484145827512,0.166883737196438,0.0333995913689256,"chr1",32620824,32620825,"-",0.150183941511975,0,"TUTR","distal pA"
"ZCCHC8","ENSG00000033030","PAS35135_AATAAA_0.4",0.221421522162856,NA,1.51405428625731,1,0.218521479060235,0.378846257262302,0.461394985235709,0.419496937246232,-0.041898047989477,"chr12",122472894,122472895,"-",0.44044596124097,0,"TUTR","distal pA"
"ZDHHC21","ENSG00000175893","PAS25850_AATAAA_0.15",0.821079879107455,NA,0.332376271834164,1,0.564263191988582,0.713373838273334,0.320054312280627,0.266540675153241,-0.0535136371273856,"chr9",14611071,14611072,"-",0.293297493716934,0,"TUTR","distal pA"
"ZDHHC9","ENSG00000188706","PAS53061_ATTAAA_0.15",0.835683730311702,NA,0.0958305597137041,1,0.75689168898903,0.855356626036843,0.712928573105898,0.731661969100228,0.0187333959943301,"chrX",129804938,129804939,"-",0.722295271103063,0,"TUTR","distal pA"
"ZFHX3","ENSG00000140836","PAS41842_ATTAAA_0.2",0.239071673388388,NA,0.468702903418489,1,0.493584499565448,0.655811220425278,0.171227571112455,0.152907885686837,-0.0183196854256171,"chr16",72782888,72782889,"-",0.162067728399646,0,"TUTR","distal pA"
"ZFP36L2","ENSG00000152518","PAS7613_AATAAA_0.4",0.184735628464757,NA,2.73538203227235,1,0.0981480278889727,0.215561229859781,0.391171985463415,0.329403557298593,-0.0617684281648225,"chr2",43222405,43222406,"-",0.360287771381004,0,"TUTR","distal pA"
"ZFR","ENSG00000056097","PAS16064_APA_0.2",0.428092564867981,NA,1.0948623656368,1,0.295396371419124,0.463858209397498,0.646378962289603,0.60599597297361,-0.0403829893159927,"chr5",32354350,32354351,"-",0.626187467631606,0,"TUTR","distal pA"
"ZFTRAF1","ENSG00000187954","PAS24723_ATTAAA_0.4",0.106837222661923,NA,3.86601140324592,1,0.0492734875480835,0.127499680545478,0.175259189665995,0.247038152635477,0.071778962969482,"chr8",144449583,144449584,"-",0.211148671150736,0,"TUTR","distal pA"
"ZHX1","ENSG00000165156","PAS24492_ATTAAA_0.3",0.000932513215230465,0.656745430495411,2.34238392763655,1,0.12589675649255,0.256544705956397,0.142606020546627,0.111770830187758,-0.0308351903588682,"chr8",123248747,123248748,"-",0.127188425367192,0,"TUTR","distal pA"
"ZNF148","ENSG00000163848","PAS11742_AATAAA_0.25",0.432251263995527,NA,0.0117992854170552,1,0.913500315070178,0.955065693175364,0.255279974129995,0.24964245645692,-0.00563751767307555,"chr3",125225670,125225671,"-",0.252461215293457,0,"TUTR","distal pA"
"ZNF202","ENSG00000166261","PAS31948_APA_0.05",0.559320047350904,NA,0.643771227350271,1,0.422348471299598,0.591924680346976,0.696173287772588,0.770791267028575,0.074617979255987,"chr11",123724780,123724781,"-",0.733482277400581,0,"TUTR","distal pA"
"ZNF260","ENSG00000254004","PAS48090_AATAAA_0.2",0.739564147741986,NA,0.223332118538309,1,0.636512656150069,0.769146549770717,0.763714622771663,0.814845364598984,0.0511307418273211,"chr19",36510694,36510695,"-",0.789279993685323,0,"TUTR","distal pA"
"ZNF561","ENSG00000171469","PAS47682_AATAAA_0.3",0.727921156592346,NA,0.242519449698534,1,0.622392328091786,0.758067331098691,0.531770565525444,0.581712179088449,0.049941613563005,"chr19",9607331,9607332,"-",0.556741372306946,0,"TUTR","distal pA"
"ZNF562","ENSG00000171466","PAS47687_AATAAA_0.35",0.896143033416754,NA,0.0414063975530325,1,0.838755484134538,0.909636229272668,0.616475836872089,0.640251581823336,0.0237757449512462,"chr19",9648302,9648303,"-",0.628363709347712,0,"TUTR","distal pA"
"ZNF641","ENSG00000167528","PAS34162_AATAAA_0.15",0.371717217980194,NA,1.35058892621123,1,0.245175186327362,0.409033935856149,0.238451502557332,0.165425153292234,-0.0730263492650977,"chr12",48337180,48337181,"-",0.201938327924783,0,"TUTR","distal pA"
"ZNF770","ENSG00000198146","PAS39209_AATAAA_0.05",0.591692734056566,NA,0.553746903301317,1,0.45679074024684,0.623737450454578,0.656537755009941,0.690908100379308,0.0343703453693669,"chr15",34978341,34978342,"-",0.673722927694625,0,"TUTR","distal pA"
"ZNF785","ENSG00000197162","PAS41520_AATAAA_0.2",0.986806178004634,NA,0.000944332411847881,1,0.97548487224947,0.986706929077525,0.204268908959966,0.201697553591855,-0.00257135536811043,"chr16",30578362,30578363,"-",0.202983231275911,0,"TUTR","distal pA"
"ZNHIT6","ENSG00000117174","PAS3641_APA_0.2",0.291115145957543,NA,1.82867295571168,1,0.176284369777795,0.325203927405506,0.940162905530601,0.894545004516048,-0.0456179010145535,"chr1",85652808,85652809,"-",0.917353955023324,0,"TUTR","distal pA"
"ZPR1","ENSG00000109917","PAS31867_AATAAA_0.4",0.707729440994723,NA,0.281109522013821,1,0.595974917249833,0.738131533901582,0.132922747260569,0.158562406293219,0.0256396590326493,"chr11",116777721,116777722,"-",0.145742576776894,0,"TUTR","distal pA"
"ABCC1","ENSG00000103222","PAS40308_None_0.1",0.386132802969496,NA,1.28648374905856,1,0.256696963509342,0.423156522187366,0.0758805403739001,0.148408372352579,0.0725278319786787,"chr16",16142447,16142448,"+",0.112144456363239,0,"TUTR","proximal pA"
"ABHD10","ENSG00000144827","PAS9979_ATTAAA_0.35",0.128879932893144,NA,3.46080157565757,1,0.0628398447624711,0.153397777519887,0.157267311816368,0.0869368708824589,-0.0703304409339094,"chr3",111991968,111991969,"+",0.122102091349414,0,"TUTR","proximal pA"
"ABHD17C","ENSG00000136379","PAS38907_ATTAAA_0.4",0.568344283693532,NA,0.620924024522992,1,0.430704119846526,0.600273397404299,0.120217835751219,0.167103736583143,0.0468859008319244,"chr15",80755281,80755282,"+",0.143660786167181,0,"TUTR","proximal pA"
"ACADSB","ENSG00000196177","PAS27950_AATAAA_0.35",0.98285711544358,NA,0.0327288493349442,1,0.856437305678181,0.919311940838916,0.124238562789441,0.132027637467883,0.00778907467844243,"chr10",123053873,123053874,"+",0.128133100128662,0,"TUTR","proximal pA"
"ACTR3","ENSG00000115091","PAS6207_APA_0.25",0.0313907110416216,0.257107754224221,4.55316160432994,1,0.0328580205996467,0.0932565806026614,0.209702660406886,0.162903558850778,-0.0467991015561074,"chr2",113957925,113957926,"+",0.186303109628832,0,"TUTR","proximal pA"
"ACTR6","ENSG00000075089","PAS33122_ATTAAA_0.25",0.267158193496747,NA,2.00273158519622,1,0.157016021810849,0.300259628023998,0.198391228553864,0.128962943253128,-0.0694282853007355,"chr12",100224187,100224188,"+",0.163677085903496,0,"TUTR","proximal pA"
"ADD3","ENSG00000148700","PAS27810_None_0.15",0.105523574961056,NA,3.89286837032341,1,0.0484915385146446,0.125977318964079,0.689812264373793,0.735191702959475,0.0453794385856829,"chr10",110134346,110134347,"+",0.712501983666634,0,"TUTR","proximal pA"
"ADGRG6","ENSG00000112414","PAS18360_AATAAA_0.3",0.654268264255435,NA,0.391898885279602,1,0.531302952179059,0.686578482294548,0.124970080071526,0.161936676105556,0.0369665960340301,"chr6",142443954,142443955,"+",0.143453378088541,0,"TUTR","proximal pA"
"ADM2","ENSG00000128165","PAS51217_APA_0.15",0.613831727045072,NA,0.493872587802116,1,0.482204898634072,0.645967917019269,0.141832506502287,0.0998404784208727,-0.0419920280814139,"chr22",50483855,50483856,"+",0.12083649246158,0,"TUTR","proximal pA"
"AFAP1L1","ENSG00000157510","PAS15639_AATAAA_0.25",0.568344283693532,NA,0.620605108015866,1,0.430822512920796,0.600309814823677,0.690656916385706,0.76017624611984,0.0695193297341342,"chr5",149341147,149341148,"+",0.725416581252773,0,"TUTR","proximal pA"
"AGAP1","ENSG00000157985","PAS7152_ATTAAA_0.4",0.639484618874078,NA,1.09901445739524e-05,1,0.997354906862507,1,0.480194241935925,0.479690432053946,-0.000503809881979178,"chr2",236125482,236125483,"+",0.479942336994935,0,"TUTR","proximal pA"
"AGL","ENSG00000162688","PAS1195_AATAAA_0.4",0.706008202837822,NA,-0.000666017116145667,1,1,1,0.395869772561756,0.400140949227324,0.00427117666556803,"chr1",99921987,99921988,"+",0.39800536089454,0,"TUTR","proximal pA"
"AGO3","ENSG00000126070","PAS626_APA_0.35",0.812335683685071,NA,0.614549330258683,1,0.433080030700587,0.602303252104511,0.243593209906787,0.301816791173516,0.0582235812667289,"chr1",36056131,36056132,"+",0.272705000540152,0,"TUTR","proximal pA"
"AHCYL1","ENSG00000168710","PAS1308_APA_0.3",0.954372928277942,NA,0.00941062114725355,1,0.922719758566596,0.959743603087452,0.517596425279978,0.515750904201766,-0.00184552107821212,"chr1",110022399,110022400,"+",0.516673664740872,0,"TUTR","proximal pA"
"AHR","ENSG00000106546","PAS20112_APA_0.15",0.558538304708068,NA,0.31197766302148,1,0.576469140353915,0.722522421081724,0.715109634358522,0.749379093000368,0.0342694586418456,"chr7",17345330,17345331,"+",0.732244363679445,0,"TUTR","proximal pA"
"AKAP12","ENSG00000131016","PAS18438_AATAAA_0.2",0.591911949018797,NA,0.758292162232465,1,0.383863515084037,0.556942348287275,0.555846712621934,0.578846314427192,0.0229996018052578,"chr6",151356772,151356773,"+",0.567346513524563,0,"TUTR","proximal pA"
"AKIP1","ENSG00000166452","PAS29450_AATAAA_0.4",0.924964388457667,NA,0.0220559701102729,1,0.881938301969127,0.934590311998629,0.288851958504416,0.279085960765286,-0.0097659977391294,"chr11",8919549,8919550,"+",0.283968959634851,0,"TUTR","proximal pA"
"AKIRIN1","ENSG00000174574","PAS665_APA_0.3",0.446254658328046,NA,1.02012245549372,1,0.312489964123331,0.482033179603712,0.289156651640036,0.339681788622203,0.0505251369821668,"chr1",39005322,39005323,"+",0.314419220131119,0,"TUTR","proximal pA"
"ALG1","ENSG00000033011","PAS40209_None_0.15",0.966485956478238,NA,0.0967906634784299,1,0.755715494814738,0.854324188517434,0.364220181733979,0.333589362863714,-0.0306308188702643,"chr16",5085042,5085043,"+",0.348904772298847,0,"TUTR","proximal pA"
"AMDHD2","ENSG00000162066","PAS40122_APA_0.05",0.912300999322909,NA,0.0291055511381728,1,0.864535552758443,0.924192980205834,0.289375707913856,0.274990895911837,-0.0143848120020191,"chr16",2529729,2529730,"+",0.282183301912847,0,"TUTR","proximal pA"
"AMOTL1","ENSG00000166025","PAS30413_APA_0.25",0.968830389281771,NA,0.0675534170654828,1,0.794932887321869,0.880904510152387,0.340960594427787,0.358481260274853,0.0175206658470665,"chr11",94871140,94871141,"+",0.34972092735132,0,"TUTR","proximal pA"
"ANKRD33B","ENSG00000164236","PAS14608_None_0.2",0.0989401680420971,NA,0.185512197210528,1,0.666678323958455,0.79112575503113,0.513042190508783,0.490081950626434,-0.0229602398823491,"chr5",10656953,10656954,"+",0.501562070567608,0,"TUTR","proximal pA"
"ANKS1A","ENSG00000064999","PAS17696_APA_0.3",0.440934674825773,NA,1.04049283902873,1,0.307706878296389,0.476745994436351,0.12035445448793,0.173762380807557,0.0534079263196267,"chr6",35088928,35088929,"+",0.147058417647744,0,"TUTR","proximal pA"
"APBA2","ENSG00000034053","PAS38225_AATAAA_0.45",0.301803617503997,NA,1.75328894384825,1,0.18546379999307,0.336790459016162,0.715226061577324,0.7879518033627,0.0727257417853762,"chr15",29117706,29117707,"+",0.751588932470012,0,"TUTR","proximal pA"
"APOBEC3C","ENSG00000244509","PAS51014_AATAAA_0.4",0.0948399482728529,NA,4.11936138517285,1,0.0423950790881777,0.113585992212159,0.687780924000172,0.752751290848115,0.0649703668479433,"chr22",39019013,39019014,"+",0.720266107424144,0,"TUTR","proximal pA"
"ARHGEF28","ENSG00000214944","PAS14968_ATTAAA_0.2",0.129434802021411,NA,2.598060593009,1,0.106994573250353,0.228849503896589,0.491314848458336,0.547393156530624,0.0560783080722879,"chr5",73941186,73941187,"+",0.51935400249448,0,"TUTR","proximal pA"
"ARID1A","ENSG00000117713","PAS442_AATAAA_0.35",0.725923416282425,NA,1.05737596470863,1,0.303814430402756,0.472605057056701,0.607154065948495,0.636546133181731,0.0293920672332365,"chr1",26781094,26781095,"+",0.621850099565113,0,"TUTR","proximal pA"
"ARID2","ENSG00000189079","PAS32495_ATTAAA_0.45",0.646366644445836,NA,0.573272361172258,1,0.448961489519138,0.616761077266278,0.458388768147871,0.526229128558832,0.0678403604109609,"chr12",45905469,45905470,"+",0.492308948353352,0,"TUTR","proximal pA"
"ARIH2","ENSG00000177479","PAS9589_AATAAA_0.15",0.00165934571409115,0.499067299908402,1.70726688610375,1,0.191340362376229,0.34391051596711,0.625289570176352,0.66013655341272,0.0348469832363674,"chr3",48983678,48983679,"+",0.642713061794536,0,"TUTR","proximal pA"
"ARL10","ENSG00000175414","PAS15837_APA_0.35",0.919693823384694,NA,0.25914080916408,1,0.61071104568923,0.750442194292157,0.372208186886412,0.415665108154485,0.043456921268073,"chr5",176376205,176376206,"+",0.393936647520449,0,"TUTR","proximal pA"
"ARL6IP6","ENSG00000177917","PAS6408_AATAAA_0.35",0.590449322324656,NA,0.556720844589734,1,0.455584489628473,0.622547617718715,0.820181216545307,0.869130546602482,0.0489493300571751,"chr2",152760759,152760760,"+",0.844655881573894,0,"TUTR","proximal pA"
"ARMCX3","ENSG00000102401","PAS52203_APA_0.25",0.779359658644436,NA,0.163007331101312,1,0.686402698376601,0.806369803554636,0.506076897662588,0.46903176454965,-0.0370451331129386,"chrX",101626311,101626312,"+",0.487554331106119,0,"TUTR","proximal pA"
"ARPC5L","ENSG00000136950","PAS25476_APA_0.25",0.118227894714622,NA,1.46584172668463,1,0.226002923285174,0.386563622595947,0.107504324903902,0.138756984227175,0.0312526593232728,"chr9",124877058,124877059,"+",0.123130654565538,0,"TUTR","proximal pA"
"ASB7","ENSG00000183475","PAS39094_AATAAA_0.35",0.968830389281771,NA,0.0833352422341704,1,0.77282746230437,0.86621910137526,0.338709665438005,0.320753954781628,-0.0179557106563772,"chr15",100650847,100650848,"+",0.329731810109817,0,"TUTR","proximal pA"
"ATF5","ENSG00000169136","PAS47146_ATTAAA_0.2",3.5465942926956e-05,0.00228232358730602,13.1230946314317,1,0.000291677844073736,0.00193849846489664,0.285582494946804,0.324319333370109,0.0387368384233056,"chr19",49933309,49933310,"+",0.304950914158456,0,"TUTR","proximal pA"
"ATF7IP","ENSG00000171681","PAS32239_AATAAA_0.25",0.679564138178817,NA,0.231755569891902,1,0.630225144275993,0.764103214615065,0.186369815611709,0.170466219237951,-0.0159035963737583,"chr12",14498246,14498247,"+",0.17841801742483,0,"TUTR","proximal pA"
"ATG7","ENSG00000197548","PAS9190_APA_0.15",0.265800156517488,NA,2.01310738894108,1,0.155945622489708,0.298817953685104,0.890174503040493,0.941375614204735,0.0512011111642412,"chr3",11555081,11555082,"+",0.915775058622614,0,"TUTR","proximal pA"
"ATM","ENSG00000149311","PAS30482_ATTAAA_0.2",0.710002380801779,NA,0.0823385665225942,1,0.774152921256577,0.866881128331808,0.0951660866316026,0.105983289413558,0.0108172027819556,"chr11",108366487,108366488,"+",0.10057468802258,0,"TUTR","proximal pA"
"ATMIN","ENSG00000166454","PAS40930_APA_0.15",0.316574802030133,NA,1.66165147140237,1,0.197380492963719,0.35199566327763,0.859127598311086,0.914462014498977,0.0553344161878909,"chr16",81045173,81045174,"+",0.886794806405031,0,"TUTR","proximal pA"
"ATP1B1","ENSG00000143153","PAS1819_APA_0.15",0.101659507646791,NA,4.85545340422141,1,0.0275588695163846,0.0813548605757382,0.588405158673796,0.649354776403652,0.0609496177298557,"chr1",169131776,169131777,"+",0.618879967538724,0,"TUTR","proximal pA"
"ATP6AP2","ENSG00000182220","PAS51885_APA_0.1",0.3579582214405,NA,1.42585942301776,1,0.232441373246616,0.394362397661037,0.182894683685554,0.23535157794043,0.0524568942548758,"chrX",40605882,40605883,"+",0.209123130812992,0,"TUTR","proximal pA"
"ATP6V1C1","ENSG00000155097","PAS23255_AATAAA_0.15",0.120478659727233,NA,0.134159224653558,1,0.714157999216974,0.82585426497916,0.375004454873797,0.362337878814072,-0.0126665760597252,"chr8",103069282,103069283,"+",0.368671166843934,0,"TUTR","proximal pA"
"ATP8B2","ENSG00000143515","PAS1604_None_0.1",0.529343159369459,NA,0.733806578879921,1,0.39165210393898,0.563693124035886,0.120955486102258,0.158217226323776,0.0372617402215181,"chr1",154349660,154349661,"+",0.139586356213017,0,"TUTR","proximal pA"
"BACE2","ENSG00000182240","PAS50267_ATTAAA_0.35",0.763217427686187,NA,0.186571695439852,1,0.665785415641142,0.790642965298246,0.778035732442484,0.801359496346632,0.0233237639041481,"chr21",41275855,41275856,"+",0.789697614394558,0,"TUTR","proximal pA"
"BAG2","ENSG00000112208","PAS17947_APA_0.2",0.278179056671043,NA,0.253903806260951,1,0.614339602676715,0.752131080029362,0.821693553766837,0.793994801718909,-0.0276987520479279,"chr6",57184934,57184935,"+",0.807844177742873,0,"TUTR","proximal pA"
"BAG3","ENSG00000151929","PAS27915_AATAAA_0.25",0.493541799090495,NA,0.84940262228838,1,0.356721387953393,0.528715634274123,0.113208730657046,0.142119237493752,0.0289105068367065,"chr10",119677438,119677439,"+",0.127663984075399,0,"TUTR","proximal pA"
"BBX","ENSG00000114439","PAS9941_APA_0.35",0.0119449759595661,1,3.10965089946694,1,0.0778296406948563,0.180598629522497,0.587201941448526,0.637490448275801,0.0502885068272749,"chr3",107806358,107806359,"+",0.612346194862164,0,"TUTR","proximal pA"
"BCAS4","ENSG00000124243","PAS49226_None_0.2",0.740064801621934,NA,0.222378559193203,1,0.637233521480102,0.769754396338536,0.100605173458554,0.079499354816259,-0.0211058186422948,"chr20",50876722,50876723,"+",0.0900522641374064,0,"TUTR","proximal pA"
"BCL2L2-PABPN1","ENSG00000258643","PAS36402_ATTAAA_0.35",0.570449843401149,NA,0.614579248918744,1,0.433068833289962,0.602303252104511,0.74163013828609,0.755234554954143,0.0136044166680536,"chr14",23325368,23325369,"+",0.748432346620116,0,"TUTR","proximal pA"
"BFAR","ENSG00000103429","PAS40284_AATAAA_0.4",0.0185643029799658,0.633335554842125,2.66172762397173,1,0.102789035648972,0.222672502230743,0.640970124319143,0.568155488135187,-0.0728146361839558,"chr16",14668888,14668889,"+",0.604562806227165,0,"TUTR","proximal pA"
"BIRC6","ENSG00000115760","PAS5449_AATAAA_0.25",0.33670818549281,NA,1.54742886506256,1,0.213515411743459,0.372699671766282,0.682670676996732,0.749615142591962,0.0669444655952303,"chr2",32618591,32618592,"+",0.716142909794347,0,"TUTR","proximal pA"
"BLTP1","ENSG00000138688","PAS13188_APA_0.35",0.812335683685071,NA,0.121483851224184,1,0.727430672492962,0.835753688620984,0.279070029608213,0.257142857197361,-0.0219271724108521,"chr4",122362085,122362086,"+",0.268106443402787,0,"TUTR","proximal pA"
"BMI1","ENSG00000168283","PAS27041_ATTAAA_0.15",0.8661098249364,NA,0.0663452853250419,1,0.796734319559767,0.882149553342231,0.744175122896773,0.73340922589554,-0.0107658970012329,"chr10",22331066,22331067,"+",0.738792174396157,0,"TUTR","proximal pA"
"BMP2","ENSG00000125845","PAS48785_AATAAA_0.25",0.696551515715955,NA,0.301049307027711,1,0.58322534614055,0.727731463163004,0.783393840328263,0.824989990069941,0.0415961497416781,"chr20",6779957,6779958,"+",0.804191915199102,0,"TUTR","proximal pA"
"BMPR1A","ENSG00000107779","PAS27499_AATAAA_0.25",0.828027679960146,NA,0.104198320456874,1,0.746848495650328,0.849272368305651,0.432272164003059,0.402379264885295,-0.0298928991177639,"chr10",86925184,86925185,"+",0.417325714444177,0,"TUTR","proximal pA"
"BRK1","ENSG00000254999","PAS9173_AATAAA_0.2",0.126964492732784,NA,5.14917886862531,1,0.0232573686413924,0.0713639888313756,0.829004558992919,0.872309028207443,0.0433044692145238,"chr3",10126916,10126917,"+",0.850656793600181,0,"TUTR","proximal pA"
"BROX","ENSG00000162819","PAS2291_ATTAAA_0.2",0.278179056671043,NA,1.92279950266811,1,0.165548373114818,0.312486361958677,0.0704340772378992,0.11729252201076,0.0468584447728606,"chr1",222733937,222733938,"+",0.0938632996243295,0,"TUTR","proximal pA"
"BSG","ENSG00000172270","PAS45988_None_0.15",0.00487452030028904,0.00552895182291971,9.44281616258559,1,0.00211977752409813,0.0102966274434822,0.0872851500568523,0.151054138661021,0.0637689886041691,"chr19",582903,582904,"+",0.119169644358937,0,"TUTR","proximal pA"
"BTAF1","ENSG00000095564","PAS27571_AATAAA_0.4",0.20325287979515,NA,0.765353729834715,1,0.381658262217487,0.554560400952651,0.801787284193301,0.765159253163748,-0.036628031029553,"chr10",92030320,92030321,"+",0.783473268678524,0,"TUTR","proximal pA"
"BTBD3","ENSG00000132640","PAS48814_APA_0.3",0.697276411266848,NA,0.298466613498931,1,0.58484531700125,0.728469797624081,0.0917102347436166,0.11437186115038,0.0226616264067631,"chr20",11924740,11924741,"+",0.103041047946998,0,"TUTR","proximal pA"
"C11orf54","ENSG00000182919","PAS30396_ATTAAA_0.3",0.581034444481683,NA,0.583854948143426,1,0.444805258916933,0.613162164648946,0.479681429423036,0.539654401827747,0.0599729724047108,"chr11",93762315,93762316,"+",0.509667915625392,0,"TUTR","proximal pA"
"C1GALT1","ENSG00000106392","PAS20049_AATAAA_0.25",0.182819804918905,NA,1.3997933517785,1,0.236758173342564,0.399965482241566,0.28519873710621,0.349224399711625,0.0640256626054155,"chr7",7244130,7244131,"+",0.317211568408917,0,"TUTR","proximal pA"
"C8orf33","ENSG00000182307","PAS23601_AATAAA_0.45",0.641780698059225,NA,0.421900330722565,1,0.515990336112527,0.673995062301911,0.297359810737317,0.319529537991439,0.0221697272541221,"chr8",145054421,145054422,"+",0.308444674364378,0,"TUTR","proximal pA"
"CAB39","ENSG00000135932","PAS7066_ATTAAA_0.25",0.367329893416419,NA,1.3739634340568,1,0.241132076466723,0.404396364767621,0.130693174484183,0.174721739248035,0.0440285647638511,"chr2",230819676,230819677,"+",0.152707456866109,0,"TUTR","proximal pA"
"CALCOCO2","ENSG00000136436","PAS43005_APA_0.35",0.706714168900536,NA,0.19843746908009,1,0.655985043019269,0.784229064291203,0.191489705690921,0.204968711874517,0.013479006183596,"chr17",48863067,48863068,"+",0.198229208782719,0,"TUTR","proximal pA"
"CALD1","ENSG00000122786","PAS21013_AATAAA_0.3",0.789744921378515,NA,0.149600923348089,1,0.698917022269994,0.814609126646337,0.273014439389643,0.307195817988876,0.0341813785992332,"chr7",134968782,134968783,"+",0.290105128689259,0,"TUTR","proximal pA"
"CALM1","ENSG00000198668","PAS37042_ATTAAA_0.25",1.1650821471814e-07,0.0304438551621664,7.6002487679034,1,0.00583602480059052,0.0239496028792445,0.302225613044856,0.366878696746769,0.0646530837019132,"chr14",90405105,90405106,"+",0.334552154895812,0,"TUTR","proximal pA"
"CALM3","ENSG00000160014","PAS47003_APA_0.2",0.364625232899032,NA,1.39337813574821,1,0.237835440816703,0.401264435543596,0.261078478111235,0.287888700946366,0.0268102228351313,"chr19",46609302,46609303,"+",0.2744835895288,0,"TUTR","proximal pA"
"CAMLG","ENSG00000164615","PAS15403_None_0.2",0.627746794872601,NA,0.455887270003586,1,0.499552361793695,0.660570560311082,0.466996347333307,0.446157869070564,-0.0208384782627434,"chr5",134750992,134750993,"+",0.456577108201935,0,"TUTR","proximal pA"
"CANX","ENSG00000127022","PAS15905_APA_0.25",0.000518675301593338,0.813449104043779,2.01319586859609,1,0.155936530374684,0.298817953685104,0.300450648084461,0.321991105123889,0.0215404570394284,"chr5",179730650,179730651,"+",0.311220876604175,0,"TUTR","proximal pA"
"CAP1","ENSG00000131236","PAS684_None_0.1",0.148721616633144,NA,3.68212207500619,1,0.0549988091632775,0.138674579275669,0.514905168585435,0.54698847595055,0.0320833073651144,"chr1",40072322,40072323,"+",0.530946822267993,0,"TUTR","proximal pA"
"CAPN7","ENSG00000131375","PAS9243_ATTAAA_0.2",0.265800156517488,NA,2.01291958717229,1,0.155964922879369,0.298817953685104,0.0639716415290182,0.126288057559774,0.0623164160307558,"chr3",15251379,15251380,"+",0.0951298495443961,0,"TUTR","proximal pA"
"CARM1","ENSG00000142453","PAS46262_AATAAA_0.2",0.241353273220363,NA,2.20467924580589,1,0.137592510578067,0.273962740293729,0.675513582695638,0.720306876835693,0.0447932941400546,"chr19",10922770,10922771,"+",0.697910229765666,0,"TUTR","proximal pA"
"CBL","ENSG00000110395","PAS30620_APA_0.2",0.550709778562837,NA,1.3769334199219,1,0.240624188851252,0.403858582713256,0.678995030383768,0.733710202541809,0.0547151721580412,"chr11",119306953,119306954,"+",0.706352616462788,0,"TUTR","proximal pA"
"CCNG2","ENSG00000138764","PAS12968_AATAAA_0.15",0.848147662758361,NA,0.0828377237240261,1,0.773488022857646,0.866362510022942,0.763598122003944,0.721664604615934,-0.04193351738801,"chr4",77167209,77167210,"+",0.742631363309939,0,"TUTR","proximal pA"
"CCT6A","ENSG00000146731","PAS20438_ATTAAA_0.35",0.558827112930803,NA,0.64577706592172,1,0.421626547240449,0.591486228896072,0.770966595774793,0.784138355875144,0.0131717601003511,"chr7",56063400,56063401,"+",0.777552475824968,0,"TUTR","proximal pA"
"CD83","ENSG00000112149","PAS17371_APA_0.35",1,NA,1.37706664986581e-05,1,0.997039149052915,1,0.214584941469874,0.214191089472933,-0.000393851996941225,"chr6",14136228,14136229,"+",0.214388015471404,0,"TUTR","proximal pA"
"CD9","ENSG00000010278","PAS32088_APA_0.15",0.206338720027951,NA,2.51079612220428,1,0.113068797979438,0.237543603351092,0.0785884957396353,0.124264443878626,0.045675948138991,"chr12",6237982,6237983,"+",0.101426469809131,0,"TUTR","proximal pA"
"CDC73","ENSG00000134371","PAS2010_ATTAAA_0.25",0.803220361244978,NA,0.0914639635011554,1,0.76232421426851,0.859298992400205,0.284615265901242,0.263157921976722,-0.0214573439245208,"chr1",193251425,193251426,"+",0.273886593938982,0,"TUTR","proximal pA"
"CDK13","ENSG00000065883","PAS20318_AATAAA_0.45",0.510245741350714,NA,0.796304605383057,1,0.372200533480068,0.544758243412004,0.881557196711004,0.844721384195157,-0.0368358125158472,"chr7",40095530,40095531,"+",0.863139290453081,0,"TUTR","proximal pA"
"CDT1","ENSG00000167513","PAS41014_ATTAAA_0.05",0.229473955199453,NA,2.29930240235944,1,0.129432118243496,0.261909413681611,0.816281399449438,0.872505961905234,0.0562245624557964,"chr16",88808508,88808509,"+",0.844393680677336,0,"TUTR","proximal pA"
"CEBPZOS","ENSG00000218739","PAS5482_AATAAA_0.4",0.325730547649921,NA,2.13644774688873,1,0.143834610782149,0.282566393434194,0.63371235137763,0.674929372310608,0.0412170209329779,"chr2",37202703,37202704,"+",0.654320861844119,0,"TUTR","proximal pA"
"CENPF","ENSG00000117724","PAS2230_ATTAAA_0.15",0.129307656924976,NA,3.45175599264599,1,0.0631846084537804,0.154060578941174,0.861364632257491,0.926507643375147,0.0651430111176559,"chr1",214664089,214664090,"+",0.893936137816319,0,"TUTR","proximal pA"
"CENPH","ENSG00000153044","PAS14908_APA_0.3",0.345450304511742,NA,1.4997075147794,1,0.220716371030343,0.381330607570203,0.237499636091985,0.169113119218852,-0.068386516873133,"chr5",69209823,69209824,"+",0.203306377655418,0,"TUTR","proximal pA"
"CENPO","ENSG00000138092","PAS5284_AATAAA_0.2",0.847091491197129,NA,0.0838309506929136,1,0.772171426059961,0.865558339850136,0.296146029476574,0.321782319959974,0.0256362904834004,"chr2",24819914,24819915,"+",0.308964174718274,0,"TUTR","proximal pA"
"CEP164","ENSG00000110274","PAS30569_APA_0.3",0.721369401838498,NA,0.256310638030072,1,0.612666201636692,0.75142090950098,0.121170662432632,0.142968129887641,0.0217974674550094,"chr11",117412349,117412350,"+",0.132069396160137,0,"TUTR","proximal pA"
"CERS6","ENSG00000172292","PAS6487_ATTAAA_0.25",0.397973708321904,NA,1.22965473470595,1,0.267474194454146,0.434808456269958,0.181180173657943,0.254281172112083,0.0731009984541397,"chr2",168770259,168770260,"+",0.217730672885013,0,"TUTR","proximal pA"
"CES2","ENSG00000172831","PAS40700_None_0.2",0.733955339146179,NA,0.232598736384034,1,0.629603563970229,0.764088628328754,0.557007698177942,0.592268234164106,0.0352605359861641,"chr16",66944123,66944124,"+",0.574637966171024,0,"TUTR","proximal pA"
"CHD3","ENSG00000170004","PAS42269_AATAAA_0.15",0.51800250731992,NA,0.770637921531488,1,0.380019778524021,0.552536019880792,0.743479866163609,0.769186409553506,0.025706543389898,"chr17",7912202,7912203,"+",0.756333137858557,0,"TUTR","proximal pA"
"CHRAC1","ENSG00000104472","PAS23490_AATAAA_0.15",0.352505206669061,NA,0.660793219191874,1,0.416280046697365,0.586642002130475,0.817983808708187,0.773549002240813,-0.0444348064673732,"chr8",140516698,140516699,"+",0.7957664054745,0,"TUTR","proximal pA"
"CHST11","ENSG00000171310","PAS33181_APA_0.3",0.861680438795907,NA,0.490366432321366,1,0.483763892915137,0.647057204081065,0.457589426836629,0.400184967017087,-0.0574044598195424,"chr12",104758110,104758111,"+",0.428887196926858,0,"TUTR","proximal pA"
"CHST12","ENSG00000136213","PAS19947_APA_0.35",0.868416770461688,NA,0.0639844880211058,1,0.800305651209791,0.884523308925806,0.476305794264181,0.462842983895606,-0.013462810368575,"chr7",2434057,2434058,"+",0.469574389079894,0,"TUTR","proximal pA"
"CHTOP","ENSG00000160679","PAS1581_None_0.05",0.0358981603085959,0.0355580561938443,6.0850807802708,1,0.0136328133676024,0.047006836341444,0.816123148206806,0.869391859637106,0.0532687114303003,"chr1",153645469,153645470,"+",0.842757503921956,0,"TUTR","proximal pA"
"CHURC1","ENSG00000258289","PAS36800_APA_0.3",0.230475833772909,NA,0.471194207668304,1,0.492438289621389,0.654689360731828,0.6938027540066,0.712871283066865,0.0190685290602655,"chr14",64932315,64932316,"+",0.703337018536733,0,"TUTR","proximal pA"
"CISD2","ENSG00000145354","PAS13096_ATTAAA_0.3",0.769060112739257,NA,0.177224016708124,1,0.673769810910488,0.796593935241902,0.349375757322153,0.389955374555623,0.0405796172334693,"chr4",102888216,102888217,"+",0.369665565938888,0,"TUTR","proximal pA"
"CLTC","ENSG00000141367","PAS43164_AATAAA_0.4",0.00113947608120788,0.122863370063434,5.83596766115079,1,0.0157017712541088,0.0526074019901435,0.665259532653709,0.618968980091304,-0.0462905525624053,"chr17",59694766,59694767,"+",0.642114256372506,0,"TUTR","proximal pA"
"CMAS","ENSG00000111726","PAS32313_APA_0.25",0.0462805893742823,0,5.64527786704275,1,0.0175024423311585,0.0572083751728725,0.130067211613467,0.180026499667447,0.0499592880539803,"chr12",22065401,22065402,"+",0.155046855640457,0,"TUTR","proximal pA"
"CMIP","ENSG00000153815","PAS40939_APA_0.2",0.214469939293004,NA,2.55012630428064,1,0.110285438393789,0.2338126333829,0.283988668211698,0.333361449166741,0.0493727809550425,"chr16",81710568,81710569,"+",0.30867505868922,0,"TUTR","proximal pA"
"CMPK1","ENSG00000162368","PAS831_AATAAA_0.2",0.666107318885966,NA,0.364931561211506,1,0.545780047681284,0.698282937811085,0.328078508934729,0.299912863055342,-0.0281656458793872,"chr1",47377772,47377773,"+",0.313995685995035,0,"TUTR","proximal pA"
"CNOT11","ENSG00000158435","PAS6076_APA_0.3",0.894561997075026,NA,0.0427493838615192,1,0.836197889012696,0.908154828585504,0.0843049789394161,0.0901514865771851,0.00584650763776898,"chr2",101269533,101269534,"+",0.0872282327583006,0,"TUTR","proximal pA"
"CNOT2","ENSG00000111596","PAS32963_None_0.1",0.879855730793098,NA,0.0622704508823517,1,0.802942732928719,0.886370520997035,0.638200544540976,0.632034926670706,-0.00616561787026948,"chr12",70353937,70353938,"+",0.635117735605841,0,"TUTR","proximal pA"
"COCH","ENSG00000100473","PAS36468_AATAAA_0.35",0.82406691172044,NA,0.107715323563525,1,0.742760351594498,0.84651781882109,0.817341233972832,0.848670174655611,0.0313289406827797,"chr14",30890134,30890135,"+",0.833005704314222,0,"TUTR","proximal pA"
"COG2","ENSG00000135775","PAS2408_ATTAAA_0.3",0.329323300083899,NA,1.58697178664045,1,0.207759315088757,0.365126647940609,0.221872115613569,0.152842250647932,-0.069029864965637,"chr1",230693732,230693733,"+",0.18735718313075,0,"TUTR","proximal pA"
"COG3","ENSG00000136152","PAS35507_APA_0.1",0.84249406754876,NA,0.0878517524431004,1,0.766926180805754,0.861608425349675,0.225096867308637,0.250965093617175,0.0258682263085384,"chr13",45536377,45536378,"+",0.238030980462906,0,"TUTR","proximal pA"
"COL18A1","ENSG00000182871","PAS50351_AATAAA_0.4",0.930714501282274,NA,0.0190794617806205,1,0.890138921230544,0.939446697645829,0.649125182650516,0.639504449972229,-0.00962073267828734,"chr21",45512582,45512583,"+",0.644314816311372,0,"TUTR","proximal pA"
"COMMD10","ENSG00000145781","PAS15254_AATAAA_0.35",0.711458411615868,NA,0.274274658188006,1,0.600478602819088,0.742425468739648,0.154156974966666,0.131479528564925,-0.0226774464017413,"chr5",116292927,116292928,"+",0.142818251765796,0,"TUTR","proximal pA"
"COX20","ENSG00000203667","PAS2501_AATAAA_0.15",0.507471421700235,NA,0.805917669553594,1,0.369329952088469,0.541775523224805,0.794782756104604,0.859462048431627,0.0646792923270232,"chr1",244843282,244843283,"+",0.827122402268115,0,"TUTR","proximal pA"
"CRACD","ENSG00000109265","PAS12860_AATAAA_0.4",0.731070733707433,NA,0.238153711750442,1,0.6255427930054,0.761120931779269,0.58624266579133,0.519678214039752,-0.066564451751579,"chr4",56329435,56329436,"+",0.552960439915541,0,"TUTR","proximal pA"
"CREBRF","ENSG00000164463","PAS15817_AATAAA_0.45",0.544281242123771,NA,0.688147873916705,1,0.406795072762694,0.577810843520242,0.377965925602606,0.313721908250361,-0.0642440173522446,"chr5",173137756,173137757,"+",0.345843916926483,0,"TUTR","proximal pA"
"CRISPLD1","ENSG00000121005","PAS23027_AATAAA_0.3",0.873405303771241,NA,0.447877041064544,1,0.503344841583522,0.66362623542747,0.271959995942814,0.325176745031626,0.0532167490888128,"chr8",75032585,75032586,"+",0.29856837048722,0,"TUTR","proximal pA"
"CSK","ENSG00000103653","PAS38804_APA_0.3",0.74428602639325,NA,0.215364479350455,1,0.642594881777568,0.774052318483178,0.41596745376695,0.446902724044145,0.0309352702771949,"chr15",74802899,74802900,"+",0.431435088905547,0,"TUTR","proximal pA"
"CSTF1","ENSG00000101138","PAS49250_AATAAA_0.3",0.819398277515654,NA,0.113456294767957,1,0.736242990808177,0.8416959826203,0.772451892268266,0.7917857714247,0.0193338791564337,"chr20",56404252,56404253,"+",0.782118831846483,0,"TUTR","proximal pA"
"CTCF","ENSG00000102974","PAS40730_AATAAA_0.4",0.961478212259964,NA,0.00648691039873484,1,0.935806703880891,0.965178143584214,0.10027948262347,0.103394268497064,0.00311478587359373,"chr16",67638879,67638880,"+",0.101836875560267,0,"TUTR","proximal pA"
"CTNNA1","ENSG00000044115","PAS15464_AATAAA_0.25",0.121685578770855,NA,0.377630830385897,1,0.538873910999642,0.69296357717943,0.591793282244878,0.605893638566837,0.0141003563219587,"chr5",138934710,138934711,"+",0.598843460405857,0,"TUTR","proximal pA"
"CXXC5","ENSG00000171604","PAS15498_APA_0.25",0.986134263827691,NA,0.042959114536643,1,0.835802276765459,0.908154828585504,0.633962121956919,0.624308743846946,-0.00965337810997247,"chr5",139683113,139683114,"+",0.629135432901933,0,"TUTR","proximal pA"
"CYB5R4","ENSG00000065615","PAS18078_AATAAA_0.3",0.954469695123037,NA,0.00933925966887728,1,0.923012412722236,0.959894551806478,0.901007519006452,0.896047239001355,-0.00496028000509685,"chr6",83960424,83960425,"+",0.898527379003903,0,"TUTR","proximal pA"
"CYP2U1","ENSG00000155016","PAS13126_ATTAAA_0.45",0.892674414479502,NA,0.0449167014681393,1,0.832157271236733,0.90580197161062,0.315814553300138,0.288133712542159,-0.0276808407579788,"chr4",107952266,107952267,"+",0.301974132921148,0,"TUTR","proximal pA"
"CYP4V2","ENSG00000145476","PAS13472_AATAAA_0.25",0.850845740525283,NA,0.0799055790446346,1,0.777425407891912,0.868604519008968,0.86892068779469,0.888854022869603,0.019933335074914,"chr4",186213007,186213008,"+",0.878887355332146,0,"TUTR","proximal pA"
"DAG1","ENSG00000173402","PAS9612_AATAAA_0.3",0.581977859290602,NA,1.12566621247515,1,0.28870163501736,0.457151907578596,0.0721954413600785,0.0956329717632756,0.0234375304031972,"chr3",49534477,49534478,"+",0.083914206561677,0,"TUTR","proximal pA"
"DAZAP2","ENSG00000183283","PAS32585_ATTAAA_0.15",5.25260940061806e-05,0.000288255398305402,14.9479864539808,1,0.00011051594119427,0.000817591780989786,0.0471601004589398,0.109878756079747,0.0627186556208073,"chr12",51242839,51242840,"+",0.0785194282693435,0,"TUTR","proximal pA"
"DDA1","ENSG00000130311","PAS46436_AATAAA_0.1",0.594940528273983,NA,0.000719138525255403,1,0.978605886841128,0.98839602928689,0.77923524743136,0.778038487468101,-0.00119675996325885,"chr19",17320288,17320289,"+",0.778636867449731,0,"TUTR","proximal pA"
"DDX21","ENSG00000165732","PAS27317_AATAAA_0.3",0.000499566056110371,0.0047862873710616,9.70763214656108,1,0.00183504300959767,0.00908718470908186,0.158389889292974,0.103220721158005,-0.0551691681349698,"chr10",68984818,68984819,"+",0.13080530522549,0,"TUTR","proximal pA"
"DDX46","ENSG00000145833","PAS15409_APA_0.15",0.297995984069858,NA,2.13049018381776,1,0.144394573441199,0.283324273852582,0.190584620673541,0.261148876470135,0.0705642557965941,"chr5",134828806,134828807,"+",0.225866748571838,0,"TUTR","proximal pA"
"DENND10","ENSG00000119979","PAS27907_AATAAA_0.1",0.761812004733244,NA,0.188792194224106,1,0.663923770499686,0.789368663820229,0.858401496775224,0.882841502386705,0.0244400056114814,"chr10",119137771,119137772,"+",0.870621499580964,0,"TUTR","proximal pA"
"DENND4C","ENSG00000137145","PAS24856_AATAAA_0.25",0.630845179519743,NA,0.447360531133882,1,0.503591068445003,0.66362623542747,0.737395949623896,0.774612770645579,0.0372168210216832,"chr9",19373038,19373039,"+",0.756004360134737,0,"TUTR","proximal pA"
"DIP2B","ENSG00000066084","PAS32568_APA_0.2",0.577760538366836,NA,0.591874705292867,1,0.441695096087439,0.609947282953154,0.108060773499641,0.142198255326511,0.03413748182687,"chr12",50745110,50745111,"+",0.125129514413076,0,"TUTR","proximal pA"
"DIPK1B","ENSG00000165716","PAS25718_AATAAA_0.25",0.0564435062888273,NA,5.2204254592798,1,0.0223230888451432,0.0690821296413434,0.860467147339202,0.922540658368899,0.0620735110296974,"chr9",136724034,136724035,"+",0.89150390285405,0,"TUTR","proximal pA"
"DLD","ENSG00000091140","PAS20865_APA_0.2",0.411562734122598,NA,1.16618636914154,1,0.280186226822775,0.44823734452496,0.505477204214284,0.560119501944958,0.0546422977306736,"chr7",107919741,107919742,"+",0.532798353079621,0,"TUTR","proximal pA"
"DLG3","ENSG00000082458","PAS52067_AATAAA_0.25",0.898133294114568,NA,0.0802139954666927,1,0.777007620052053,0.868510578915767,0.286405987698512,0.297320350979459,0.0109143632809462,"chrX",70504364,70504365,"+",0.291863169338985,0,"TUTR","proximal pA"
"DMAC2L","ENSG00000125375","PAS36588_APA_0.35",0.924554286225395,NA,0.0224957281959632,1,0.88077585006078,0.934179067307729,0.574689250336312,0.589596687638654,0.0149074373023415,"chr14",50325720,50325721,"+",0.582142968987483,0,"TUTR","proximal pA"
"DNAJB4","ENSG00000162616","PAS1040_AATAAA_0.3",0.908624371987981,NA,0.0314879827264178,1,0.859156086404155,0.920516879377478,0.4624031084145,0.484403695292061,0.0220005868775608,"chr1",78017206,78017207,"+",0.473403401853281,0,"TUTR","proximal pA"
"DNAJC21","ENSG00000168724","PAS14704_APA_0.3",0.188733087054168,NA,2.68998966576373,1,0.100980468980797,0.219815798401992,0.868599807943336,0.929092168711331,0.0604923607679942,"chr5",34954882,34954883,"+",0.898845988327333,0,"TUTR","proximal pA"
"DNAJC22","ENSG00000178401","PAS32527_AATAAA_0.4",0.768256964137342,NA,0.483079570161408,1,0.487030699313326,0.64982369426477,0.433700531221989,0.498086712472165,0.0643861812501762,"chr12",49352132,49352134,"+",0.465893621847077,0,"TUTR","proximal pA"
"DNAJC5","ENSG00000101152","PAS49383_None_0",0.308425638692493,NA,3.31328960828068,1,0.0687217971566558,0.163967133553275,0.136274421946914,0.184114466868671,0.0478400449217571,"chr20",63931771,63931772,"+",0.160194444407793,0,"TUTR","proximal pA"
"DPY19L4","ENSG00000156162","PAS23154_AATAAA_0.4",5.02766126743759e-06,1,0.00130894035100937,1,0.971139406788912,0.984441890286321,0.437340153462712,0.438818476721027,0.00147832325831504,"chr8",94791833,94791834,"+",0.43807931509187,0,"TUTR","proximal pA"
"DRAM1","ENSG00000136048","PAS33142_APA_0.1",0.0534469436992719,NA,1.47336136297599,1,0.22481609431272,0.385393062611999,0.269892240449619,0.215095626111721,-0.0547966143378985,"chr12",101921563,101921564,"+",0.24249393328067,0,"TUTR","proximal pA"
"DRG2","ENSG00000108591","PAS42399_APA_0.25",0.917306236481541,NA,0.0266862994358235,1,0.870235453382989,0.927847108144315,0.276859777966899,0.270297651766963,-0.00656212619993529,"chr17",18107358,18107359,"+",0.273578714866931,0,"TUTR","proximal pA"
"DSE","ENSG00000111817","PAS18229_ATTAAA_0.4",0.400738401780336,NA,1.21419652398504,1,0.270502600784558,0.437762758862013,0.0557249670684559,0.108387924976711,0.0526629579082556,"chr6",116437973,116437974,"+",0.0820564460225837,0,"TUTR","proximal pA"
"DTWD1","ENSG00000104047","PAS38525_AATAAA_0.35",0.948600804121316,NA,0.0116465121909641,1,0.914059939333156,0.9553488837908,0.734713631236331,0.742497240362757,0.00778360912642584,"chr15",49643641,49643642,"+",0.738605435799544,0,"TUTR","proximal pA"
"DTX3L","ENSG00000163840","PAS10057_AATAAA_0.2",0.867207827697665,NA,0.0648352851371783,1,0.799010633070627,0.883467190767956,0.0775605950991375,0.0857978783308822,0.00823728323174472,"chr3",122572598,122572599,"+",0.0816792367150098,0,"TUTR","proximal pA"
"DUSP14","ENSG00000276023","PAS42693_AATAAA_0.2",0.284442636433229,NA,1.87781657741607,1,0.170582515591475,0.318569212886319,0.135714214777757,0.0745270773566275,-0.0611871374211297,"chr17",37513163,37513164,"+",0.105120646067192,0,"TUTR","proximal pA"
"DVL3","ENSG00000161202","PAS10571_AATAAA_0.15",0.437929447457572,NA,1.05217111939601,1,0.305007587969788,0.473704791841251,0.347161896541195,0.390880689974076,0.0437187934328817,"chr3",184170874,184170875,"+",0.369021293257636,0,"TUTR","proximal pA"
"ECT2","ENSG00000114346","PAS10486_ATTAAA_0.2",0.424905107115134,NA,1.10935604488168,1,0.292221972915853,0.460317701677036,0.29782106324759,0.361410545321121,0.0635894820735304,"chr3",172821182,172821183,"+",0.329615804284355,0,"TUTR","proximal pA"
"EFR3A","ENSG00000132294","PAS23463_AATAAA_0.15",0.759057251336086,NA,0.193311215050926,1,0.660174892971385,0.786792793370232,0.472991986992912,0.494632792180156,0.0216408051872433,"chr8",132013184,132013185,"+",0.483812389586534,0,"TUTR","proximal pA"
"EGR1","ENSG00000120738","PAS15459_None_0.15",0.0180046417313006,0.0105769488977977,8.25894937569683,1,0.00405515896415356,0.0177198736066254,0.308337816367298,0.381731642742196,0.0733938263748973,"chr5",138468654,138468655,"+",0.345034729554747,0,"TUTR","proximal pA"
"EID1","ENSG00000255302","PAS38513_ATTAAA_0.4",0.0796280799473051,NA,4.47971012873677,1,0.0342995379831425,0.0963184911037189,0.644455848783327,0.684970944582499,0.0405150957991721,"chr15",48878936,48878937,"+",0.664713396682913,0,"TUTR","proximal pA"
"EIF1","ENSG00000173812","PAS42791_AATAAA_0.2",0.00107797404824747,0.000109480214673928,16.7799592628435,1,4.19742667022693e-05,0.000346580667891263,0.716442057503962,0.684350326760725,-0.0320917307432371,"chr17",41690997,41690998,"+",0.700396192132343,0,"TUTR","proximal pA"
"EIF2S1","ENSG00000134001","PAS36828_AATAAA_0.2",0.0374824559085738,0.973666195409078,1.74386524258261,1,0.186649819270117,0.338547895582772,0.563166721043886,0.595756421928532,0.0325897008846455,"chr14",67383857,67383858,"+",0.579461571486209,0,"TUTR","proximal pA"
"EIF3J","ENSG00000104131","PAS38478_ATTAAA_0.25",0.666392149095138,NA,-0.0689508641607972,1,1,1,0.290672923720256,0.294318617624473,0.00364569390421615,"chr15",44561645,44561646,"+",0.292495770672365,0,"TUTR","proximal pA"
"EIF4EBP2","ENSG00000148730","PAS27347_None_0.1",0.0711635041347506,NA,0.178488936275244,1,0.672675053568697,0.796208884126747,0.456193361561174,0.43537230516279,-0.0208210563983832,"chr10",70423848,70423849,"+",0.445782833361982,0,"TUTR","proximal pA"
"ELP3","ENSG00000134014","PAS22708_AATAAA_0.4",0.899609979221832,NA,0.0380026111054121,1,0.845437896354341,0.912610772523659,0.482171908760408,0.469512994536228,-0.0126589142241796,"chr8",28190093,28190094,"+",0.475842451648318,0,"TUTR","proximal pA"
"ENDOD1","ENSG00000149218","PAS30424_ATTAAA_0.15",0.637640168106593,NA,0.432256928808556,1,0.510883580662791,0.670106646020049,0.326643312410572,0.358925562744973,0.0322822503344012,"chr11",95130028,95130029,"+",0.342784437577773,0,"TUTR","proximal pA"
"ENGASE","ENSG00000167280","PAS43464_APA_0.35",0.90546563096205,NA,0.0346915254151554,1,0.852243530840663,0.917315148353228,0.205035721782375,0.215065170499543,0.0100294487171686,"chr17",79086693,79086694,"+",0.210050446140959,0,"TUTR","proximal pA"
"ENSG00000285816","ENSG00000285816","PAS30012_AATAAA_0.05",0.57854781167038,NA,0.589376617623202,1,0.442660278099072,0.610852407094722,0.737121189001632,0.770193117728312,0.0330719287266801,"chr11",65322091,65322092,"+",0.753657153364972,0,"TUTR","proximal pA"
"EPDR1","ENSG00000086289","PAS20301_AATAAA_0.2",0.0518873301692003,NA,0.706510710063412,1,0.400604610918726,0.572172955974689,0.209576072523364,0.17126938743706,-0.0383066850863035,"chr7",37951693,37951694,"+",0.190422729980212,0,"TUTR","proximal pA"
"ERAP2","ENSG00000164308","PAS15151_AATAAA_0.3",0.637640168106593,NA,0.432502534385378,1,0.510763540779081,0.670084278269803,0.195287868240528,0.142665888464946,-0.0526219797755817,"chr5",96918768,96918769,"+",0.168976878352737,0,"TUTR","proximal pA"
"ERBIN","ENSG00000112851","PAS14883_APA_0.35",0.126606949123766,NA,0.294568222148882,1,0.58730786857645,0.730374359115571,0.137148844216318,0.146591692804098,0.00944284858777969,"chr5",66079113,66079114,"+",0.141870268510208,0,"TUTR","proximal pA"
"ERVK3-1","ENSG00000142396","PAS47387_None_0.1",0.128879932893144,NA,3.4604334948599,1,0.0628538346066272,0.153397777519887,0.870043852284699,0.938604763397585,0.0685609111128862,"chr19",58315202,58315203,"+",0.904324307841142,0,"TUTR","proximal pA"
"ETNK1","ENSG00000139163","PAS32319_APA_0.3",0.0317968960028319,1,0.881342689508529,1,0.347834191183056,0.519734335729143,0.0891036886790146,0.10632857571644,0.0172248870374257,"chr12",22685220,22685221,"+",0.0977161321977274,0,"TUTR","proximal pA"
"ETS2","ENSG00000157557","PAS50248_APA_0.3",0.836350281698561,NA,0.417999197884455,1,0.517937097702615,0.675680747108184,0.591941291451455,0.546214607755179,-0.0457266836962762,"chr21",38823797,38823798,"+",0.569077949603317,0,"TUTR","proximal pA"
"EXD2","ENSG00000081177","PAS36851_AATAAA_0.35",0.974475703285721,NA,0.00305816946615778,1,0.955898889767089,0.975922819122793,0.799453352426582,0.795489933108568,-0.00396341931801469,"chr14",69242355,69242356,"+",0.797471642767575,0,"TUTR","proximal pA"
"EXT2","ENSG00000151348","PAS29781_ATTAAA_0.25",0.954306716371168,NA,0.156481519341469,1,0.692416774888687,0.810540959133986,0.81052553794239,0.794871729518136,-0.015653808424254,"chr11",44244930,44244931,"+",0.802698633730263,0,"TUTR","proximal pA"
"FAF2","ENSG00000113194","PAS15842_AATAAA_0.1",0.675828777886317,NA,0.342731871619435,1,0.558256562459286,0.708721594863147,0.0848295302354828,0.099740643229658,0.0149111129941752,"chr5",176507635,176507636,"+",0.0922850867325704,0,"TUTR","proximal pA"
"FAHD1","ENSG00000180185","PAS40089_AATAAA_0.15",0.995032391290737,NA,0.0116917471302713,1,0.913893854057649,0.9553488837908,0.168041268809715,0.160827712091523,-0.00721355671819215,"chr16",1828643,1828644,"+",0.164434490450619,0,"TUTR","proximal pA"
"FAHD2A","ENSG00000115042","PAS5987_AATAAA_0.05",0.678856211661062,NA,0.336062896091789,1,0.562110657020715,0.711758877085781,0.869471532477016,0.838814290323172,-0.030657242153844,"chr2",95413129,95413130,"+",0.854142911400094,0,"TUTR","proximal pA"
"FAM118A","ENSG00000100376","PAS51146_AATAAA_0.45",0.686056697308239,NA,0.32220948564111,1,0.570282840795438,0.718401801284709,0.20110921810646,0.250929325224562,0.0498201071181024,"chr22",45340755,45340756,"+",0.226019271665511,0,"TUTR","proximal pA"
"FAM120A","ENSG00000048828","PAS25168_APA_0.25",0.128447475159627,NA,3.46882401342191,1,0.0625357544894804,0.152879536571784,0.419086829644811,0.474143969872364,0.0550571402275529,"chr9",93564826,93564827,"+",0.446615399758588,0,"TUTR","proximal pA"
"FAM199X","ENSG00000123575","PAS52241_AATAAA_0.2",0.960148168000514,NA,0.00696032762675713,1,0.933510765759365,0.964463909923002,0.444949268320557,0.45142767875499,0.00647841043443231,"chrX",104191443,104191444,"+",0.448188473537774,0,"TUTR","proximal pA"
"FAS","ENSG00000026103","PAS27535_ATTAAA_0.25",0.824427165237563,NA,0.107284585161779,1,0.743257031321808,0.846787230659314,0.402902849559228,0.428425329617493,0.0255224800582648,"chr10",89015101,89015102,"+",0.41566408958836,0,"TUTR","proximal pA"
"FBXO22","ENSG00000167196","PAS38838_ATTAAA_0.1",0.504029134547896,NA,2.71810832038,1,0.0992155359263433,0.217127809267852,0.790754899960669,0.731127235502543,-0.0596276644581261,"chr15",75933127,75933128,"+",0.760941067731606,0,"TUTR","proximal pA"
"FBXO28","ENSG00000143756","PAS2304_AATAAA_0.45",0.959777045279785,NA,0.00716356126304163,1,0.932549327683195,0.964034350267652,0.268176936352498,0.27327558972123,0.00509865336873178,"chr1",224159536,224159537,"+",0.270726263036864,0,"TUTR","proximal pA"
"FBXO34","ENSG00000178974","PAS36660_AATAAA_0.35",0.983033281007101,NA,0.00144237721713125,1,0.969704711281306,0.983919485996385,0.153509824646159,0.156309215510495,0.00279939086433606,"chr14",55353362,55353363,"+",0.154909520078327,0,"TUTR","proximal pA"
"FBXO44","ENSG00000132879","PAS197_AATAAA_0.1",0.88128733567736,NA,0.0537996897966195,1,0.816578711948026,0.895586917705829,0.83220520894477,0.847000269275466,0.0147950603306959,"chr1",11662288,11662289,"+",0.839602739110118,0,"TUTR","proximal pA"
"FBXO45","ENSG00000174013","PAS10710_ATTAAA_0.25",0.390386628536406,NA,1.26697384018507,1,0.260335153993233,0.427151854610256,0.871300303465991,0.823797043512413,-0.0475032599535782,"chr3",196587284,196587285,"+",0.847548673489202,0,"TUTR","proximal pA"
"FCF1","ENSG00000119616","PAS36948_APA_0.3",0.990871000331819,NA,0.000557853478085235,1,0.981156578759938,0.990058200946268,0.919929260817953,0.920822193310452,0.000892932492498888,"chr14",74736684,74736685,"+",0.920375727064203,0,"TUTR","proximal pA"
"FGF5","ENSG00000138675","PAS12989_APA_0.35",0.000260734960665142,1,0.572447499702321,1,0.449287981071816,0.617118904125769,0.471859417786673,0.44005387859753,-0.0318055391891433,"chr4",80287208,80287209,"+",0.455956648192102,0,"TUTR","proximal pA"
"FKBP4","ENSG00000004478","PAS32054_None_0.25",0.921790676350136,NA,0.0243379801613628,1,0.876028018658994,0.931335445841137,0.16931134574309,0.16620679910117,-0.00310454664191975,"chr12",2803350,2803351,"+",0.16775907242213,0,"TUTR","proximal pA"
"FLVCR1","ENSG00000162769","PAS2218_AATAAA_0.4",0.790695346142601,NA,0.148491164669394,1,0.699981445354443,0.815475253656643,0.269664604258646,0.239130576507577,-0.0305340277510694,"chr1",212895412,212895413,"+",0.254397590383112,0,"TUTR","proximal pA"
"FOXK2","ENSG00000141568","PAS43585_APA_0.3",1.27764431171959e-05,1,0.842197027862312,1,0.358769174856143,0.531193909705654,0.79808108481365,0.773078881102354,-0.0250022037112962,"chr17",82602387,82602388,"+",0.785579982958002,1,"TUTR","proximal pA"
"FOXP4","ENSG00000137166","PAS17778_None_0.2",0.116299076606585,NA,4.60151360379086,1,0.0319437420904225,0.0911987529229198,0.0608501945506921,0.122179600676884,0.0613294061261917,"chr6",41599958,41599959,"+",0.0915148976137879,0,"TUTR","proximal pA"
"FZD2","ENSG00000180340","PAS42884_AATAAA_0.15",0.390928759748972,NA,1.202914656963,1,0.27273990955858,0.440234903259405,0.731405491365277,0.768598442570619,0.0371929512053417,"chr17",44559487,44559488,"+",0.750001966967948,0,"TUTR","proximal pA"
"GALM","ENSG00000143891","PAS5502_None_0.15",0.615614033596449,NA,0.487273685186665,1,0.485145978082474,0.647906877338592,0.371432076045674,0.401757541063229,0.0303254650175557,"chr2",38734412,38734413,"+",0.386594808554451,0,"TUTR","proximal pA"
"GAPVD1","ENSG00000165219","PAS25487_AATAAA_0.25",0.365348782441391,NA,-0.000396283687791765,1,1,1,0.222698818380714,0.222511986108812,-0.000186832271901721,"chr9",125363327,125363328,"+",0.222605402244763,0,"TUTR","proximal pA"
"GATA3","ENSG00000107485","PAS26909_AATAAA_0.25",0.66870177364054,NA,0.35957429346945,1,0.548742757092592,0.701108443598026,0.875845401808785,0.838574876111564,-0.0372705256972203,"chr10",8074544,8074545,"+",0.857210138960175,0,"TUTR","proximal pA"
"GATAD2A","ENSG00000167491","PAS46502_AATAAA_0.15",0.669431153275947,NA,0.494362623881898,1,0.481987665182568,0.645809873045795,0.235371951617861,0.216567735959801,-0.0188042156580595,"chr19",19506977,19506978,"+",0.225969843788831,0,"TUTR","proximal pA"
"GATC","ENSG00000257218","PAS33400_ATTAAA_0.4",0.814461930403122,NA,1.55200479598716,1,0.21283972258247,0.37181948046257,0.303604543229614,0.340163364590428,0.0365588213608137,"chr12",120461919,120461920,"+",0.321883953910021,0,"TUTR","proximal pA"
"GCDH","ENSG00000105607","PAS46323_None_0.2",0.491842536785648,NA,0.855757894925773,1,0.354928543836251,0.527383088336764,0.24390330649813,0.308642063706879,0.0647387572087497,"chr19",12899693,12899694,"+",0.276272685102505,0,"TUTR","proximal pA"
"GGPS1","ENSG00000152904","PAS2452_AATAAA_0.3",0.364892238151788,NA,1.39061709401039,1,0.238300914881439,0.401447358774026,0.869954796366381,0.814589381106352,-0.0553654152600289,"chr1",235343094,235343095,"+",0.842272088736366,0,"TUTR","proximal pA"
"GID4","ENSG00000141034","PAS42395_AATAAA_0.45",0.40367833308329,NA,1.20139237513615,1,0.27304356487806,0.440449274597887,0.10382191357716,0.154178411659329,0.0503564980821687,"chr17",18065282,18065283,"+",0.129000162618244,0,"TUTR","proximal pA"
"GIGYF2","ENSG00000204120","PAS7118_APA_0.2",0.118615750273836,NA,1.44375161697076,1,0.229533210805599,0.390654501454238,0.275231522038667,0.347447184005044,0.0722156619663776,"chr2",232857830,232857831,"+",0.311339353021855,0,"TUTR","proximal pA"
"GM2A","ENSG00000196743","PAS15669_AATAAA_0.1",0.388551791673457,NA,1.27564509406693,1,0.258710329374567,0.425397714954668,0.930512596892876,0.891115554054813,-0.0393970428380629,"chr5",151269237,151269238,"+",0.910814075473844,0,"TUTR","proximal pA"
"GNL3L","ENSG00000130119","PAS51993_AATAAA_0.25",0.181111731331438,NA,0.299703188555668,1,0.584068554721734,0.728085458625723,0.395902251417527,0.420425682208304,0.024523430790777,"chrX",54561178,54561179,"+",0.408163966812915,0,"TUTR","proximal pA"
"GOLGA7","ENSG00000147533","PAS22823_ATTAAA_0.2",0.888866704572057,NA,0.0488452970175786,1,0.825084863442981,0.902406230291172,0.313487944816794,0.304813594562076,-0.00867435025471769,"chr8",41510223,41510224,"+",0.309150769689435,0,"TUTR","proximal pA"
"GPBP1","ENSG00000062194","PAS14825_AATAAA_0.35",0.0371825268983871,0,6.1172420093917,1,0.0133869506521936,0.0464173697940302,0.879812723540132,0.936576918194267,0.0567641946541351,"chr5",57263081,57263082,"+",0.9081948208672,0,"TUTR","proximal pA"
"GPN1","ENSG00000198522","PAS5365_APA_0.25",0.297712893045399,NA,1.78309241446459,1,0.181770053805566,0.332355446139079,0.914850035445419,0.881105078524946,-0.0337449569204732,"chr2",27650843,27650844,"+",0.897977556985183,0,"TUTR","proximal pA"
"GPR173","ENSG00000184194","PAS51975_APA_0.15",0.854771106730136,NA,0.0757838788176173,1,0.783094430696445,0.872167735933998,0.613859578364664,0.661153159894568,0.0472935815299044,"chrX",53079563,53079564,"+",0.637506369129616,0,"TUTR","proximal pA"
"GPR27","ENSG00000170837","PAS9801_AATAAA_0.2",0.355206899011686,NA,1.43956494874112,1,0.230209754159609,0.391393480915658,0.116915221360634,0.188749393584667,0.0718341722240332,"chr3",71756104,71756105,"+",0.15283230747265,0,"TUTR","proximal pA"
"GRWD1","ENSG00000105447","PAS47060_None_0.15",0.397557907740069,NA,1.23237345168991,1,0.266945954321085,0.434194284616771,0.120397833837422,0.082443214605968,-0.0379546192314543,"chr19",48453539,48453540,"+",0.101420524221695,0,"TUTR","proximal pA"
"GSPT2","ENSG00000189369","PAS51969_AATAAA_0.25",0.716264618517845,NA,0.265157617872546,1,0.606598738252493,0.746516869763542,0.737874268226378,0.783065471414598,0.0451912031882209,"chrX",51745926,51745927,"+",0.760469869820488,0,"TUTR","proximal pA"
"GTF3C4","ENSG00000125484","PAS25665_AATAAA_0.4",0.582968564734172,NA,1.00334810739309,1,0.316501717849781,0.486541861920509,0.329389755501549,0.27343956064005,-0.0559501948614992,"chr9",132690818,132690819,"+",0.301414658070799,0,"TUTR","proximal pA"
"GTSE1","ENSG00000075218","PAS51177_APA_0.3",0.650844086204823,NA,0.402224149689346,1,0.525942843128387,0.683111509894171,0.401563195940773,0.352639595541104,-0.0489236003996692,"chr22",46330326,46330327,"+",0.377101395740938,0,"TUTR","proximal pA"
"HABP4","ENSG00000130956","PAS25213_ATTAAA_0.25",0.198824066639101,NA,0.10968730116565,1,0.740500420134767,0.844755783226194,0.693637858339555,0.679706579831182,-0.0139312785083733,"chr9",96490504,96490505,"+",0.686672219085369,0,"TUTR","proximal pA"
"HAUS2","ENSG00000137814","PAS38416_AATAAA_0.25",0.624406339357998,NA,0.46522401192351,1,0.49519259092103,0.657075679174286,0.304246696495958,0.347726975340357,0.0434802788443993,"chr15",42568927,42568928,"+",0.325986835918157,0,"TUTR","proximal pA"
"HDAC11","ENSG00000163517","PAS9214_AATAAA_0.05",1,NA,1.13895918048001e-05,1,0.997307266850546,1,0.123842507665596,0.123667168415801,-0.000175339249794348,"chr3",13505333,13505334,"+",0.123754838040698,0,"TUTR","proximal pA"
"HEXIM1","ENSG00000186834","PAS42912_AATAAA_0.3",0.646421829404528,NA,2.02455047704279,1,0.154774716493945,0.297457301098169,0.394672932407334,0.343652949982946,-0.0510199824243879,"chr17",45150648,45150649,"+",0.36916294119514,0,"TUTR","proximal pA"
"HGSNAT","ENSG00000165102","PAS22873_AATAAA_0.35",0.731901328012143,NA,0.0557241921692366,1,0.813386328223309,0.893667366529037,0.64753048820059,0.665236913579782,0.0177064253791918,"chr8",43201822,43201823,"+",0.656383700890186,0,"TUTR","proximal pA"
"HINT3","ENSG00000111911","PAS18274_AATAAA_0.2",0.211436305213857,NA,2.45631675546906,1,0.117052973307797,0.243246621152085,0.0797813246146666,0.133462050838998,0.0536807262243316,"chr6",125978052,125978053,"+",0.106621687726832,0,"TUTR","proximal pA"
"HIPK3","ENSG00000110422","PAS29679_ATTAAA_0.3",0.821930882675815,NA,0.109995486691787,1,0.74014927419931,0.844503507685719,0.0893963497336203,0.104933701176338,0.0155373514427176,"chr11",33355364,33355365,"+",0.0971650254549791,0,"TUTR","proximal pA"
"HMCES","ENSG00000183624","PAS10127_AATAAA_0.3",0.391666128817014,NA,1.25853939215222,1,0.261927744886806,0.428629998014588,0.670206583624083,0.604058516811912,-0.0661480668121711,"chr3",129305260,129305261,"+",0.637132550217998,0,"TUTR","proximal pA"
"HMGA2","ENSG00000149948","PAS32888_None_0.15",1.56578854577453e-08,1,0.151142227980927,1,0.697446185490649,0.814198188910901,0.238674893462752,0.227296093101327,-0.0113788003614243,"chr12",65964299,65964300,"+",0.23298549328204,1,"TUTR","proximal pA"
"HMOX2","ENSG00000103415","PAS40194_AATAAA_0.2",0.866282369037623,NA,0.066118951421231,1,0.79707374422715,0.882375213409435,0.878947174167629,0.888888749058755,0.0099415748911259,"chr16",4509900,4509901,"+",0.883917961613192,0,"TUTR","proximal pA"
"HOOK3","ENSG00000168172","PAS22858_APA_0.3",0.54663216595927,NA,0.220495487510107,1,0.638662640847393,0.770885534305456,0.712962537029854,0.735808770281435,0.0228462332515813,"chr8",43022104,43022105,"+",0.724385653655644,0,"TUTR","proximal pA"
"HPCAL1","ENSG00000115756","PAS5219_APA_0.15",0.721369401838498,NA,0.256379775230016,1,0.612618278570316,0.75142090950098,0.163755226125681,0.173104263632461,0.00934903750677943,"chr2",10427350,10427351,"+",0.168429744879071,0,"TUTR","proximal pA"
"HPRT1","ENSG00000165704","PAS52366_AATAAA_0.25",0.735987855676609,NA,0.229080442931945,1,0.632206505981701,0.765682878566787,0.187656923629089,0.207019771530083,0.0193628479009947,"chrX",134500403,134500404,"+",0.197338347579586,0,"TUTR","proximal pA"
"HSBP1","ENSG00000230989","PAS40948_ATTAAA_0.3",0.888184451119429,NA,0.0494169051034987,1,0.824081025986487,0.901990612428477,0.900428676764141,0.895330356997401,-0.00509831976674047,"chr16",83811664,83811665,"+",0.897879516880771,0,"TUTR","proximal pA"
"HSD17B1","ENSG00000108786","PAS42816_APA_0",0.34920726604404,NA,1.47299134135301,1,0.224874319865742,0.385393062611999,0.13676434365782,0.0927183310195597,-0.04404601263826,"chr17",42554950,42554951,"+",0.11474133733869,0,"TUTR","proximal pA"
"HSD17B4","ENSG00000133835","PAS15271_AATAAA_0.3",0.226976066388954,NA,2.32348027472972,1,0.127434623837903,0.258905865484041,0.343017971422385,0.284483818996566,-0.0585341524258187,"chr5",119542046,119542047,"+",0.313750895209476,0,"TUTR","proximal pA"
"HSPA4","ENSG00000170606","PAS15381_ATTAAA_0.35",4.46779230153382e-05,2.90496185734541e-06,23.7207530609394,1,1.11375049933268e-06,1.37395402109716e-05,0.859798480733682,0.929785723091376,0.069987242357694,"chr5",133104470,133104471,"+",0.894792101912529,0,"TUTR","proximal pA"
"HTT","ENSG00000197386","PAS12518_APA_0.15",0.877824328991766,NA,0.0570796529041218,1,0.81117266946882,0.892440813983577,0.883735593038596,0.891833207720738,0.00809761468214198,"chr4",3240656,3240657,"+",0.887784400379667,0,"TUTR","proximal pA"
"IAH1","ENSG00000134330","PAS5186_APA_0.3",0.654938104959407,NA,0.390081149028447,1,0.532256749462213,0.687265040757271,0.136766050732701,0.115269386809556,-0.0214966639231456,"chr2",9488232,9488233,"+",0.126017718771128,0,"TUTR","proximal pA"
"ICAM1","ENSG00000090339","PAS46237_None_0.2",0.305677166100034,NA,1.31203182903027,1,0.252027110937694,0.417414890496654,0.244093223094945,0.281860844635862,0.0377676215409175,"chr19",10285813,10285814,"+",0.262977033865403,0,"TUTR","proximal pA"
"IL13RA1","ENSG00000131724","PAS52298_ATTAAA_0",0.763497872742514,NA,0.186091991023204,1,0.666189320334154,0.790978250502586,0.137948549343961,0.156409580903101,0.0184610315591396,"chrX",118792360,118792361,"+",0.147179065123531,0,"TUTR","proximal pA"
"IMP4","ENSG00000136718","PAS6290_AATAAA_0.05",0.151524161941397,NA,3.13662088188448,1,0.0765522570342226,0.178366073551717,0.791574393215314,0.857040528635885,0.0654661354205708,"chr2",130346623,130346624,"+",0.824307460925599,0,"TUTR","proximal pA"
"IMPACT","ENSG00000154059","PAS45279_APA_0.35",0.707694928854843,NA,0.215814370023054,1,0.642247834415218,0.773920832414597,0.509607472095251,0.538352673914659,0.0287452018194077,"chr18",24450862,24450863,"+",0.523980073004955,0,"TUTR","proximal pA"
"ING1","ENSG00000153487","PAS35748_APA_0.3",0.963019554652667,NA,0.00392631820568567,1,0.950036979416784,0.973068178917797,0.328991447037044,0.323848296199039,-0.00514315083800515,"chr13",110720173,110720174,"+",0.326419871618041,0,"TUTR","proximal pA"
"INPP4A","ENSG00000040933","PAS6023_AATAAA_0.3",0.662522909343913,NA,0.373603533318374,1,0.54104655612879,0.694754177511737,0.224624042448694,0.16890296921789,-0.0557210732308037,"chr2",98587658,98587659,"+",0.196763505833292,0,"TUTR","proximal pA"
"IPO11","ENSG00000086200","PAS14854_APA_0.3",0.502437882286647,NA,0.823360919347806,1,0.364199341040071,0.536730014151126,0.082664878294661,0.1270774983127,0.0444126200180395,"chr5",62627825,62627826,"+",0.104871188303681,0,"TUTR","proximal pA"
"IPO7","ENSG00000205339","PAS29460_ATTAAA_0.2",4.71749339825053e-07,0.00363217925492482,12.2542987615634,1,0.000464187558792366,0.0028560154622057,0.33412012141263,0.401153235459765,0.0670331140471349,"chr11",9446227,9446228,"+",0.367636678436197,0,"TUTR","proximal pA"
"IQGAP1","ENSG00000140575","PAS39006_AATAAA_0.25",0.45731828123369,NA,1.31363844312727,1,0.251736950588274,0.417093574994298,0.276554788231687,0.299074372105941,0.0225195838742542,"chr15",90501551,90501552,"+",0.287814580168814,0,"TUTR","proximal pA"
"ITPR3","ENSG00000096433","PAS17677_None_0.15",0.0368401719441777,0,6.13564484651033,1,0.0132483221593163,0.0460471197273459,0.0614223371080442,0.10078383305327,0.0393614959452253,"chr6",33696080,33696081,"+",0.0811030850806568,0,"TUTR","proximal pA"
"JMY","ENSG00000152409","PAS15025_ATTAAA_0.35",0.830862562506647,NA,0.100721711028655,1,0.750965265611452,0.851691737965177,0.126891452120843,0.1414403451477,0.0145488930268565,"chr5",79322124,79322125,"+",0.134165898634272,0,"TUTR","proximal pA"
"KDM2A","ENSG00000173120","PAS30125_AATAAA_0.25",0.926571316587061,NA,0.0211944650122859,1,0.884250439561524,0.936092488907211,0.18301742922664,0.189987711931403,0.00697028270476224,"chr11",67257659,67257660,"+",0.186502570579022,0,"TUTR","proximal pA"
"KHDRBS1","ENSG00000121774","PAS535_APA_0.35",0.0229851624524419,0.00674017624713922,9.0800314734297,1,0.0025841560163208,0.0121795082362849,0.367336867265807,0.435954205512598,0.0686173382467903,"chr1",32043300,32043301,"+",0.401645536389202,0,"TUTR","proximal pA"
"KHDRBS3","ENSG00000131773","PAS23482_AATAAA_0.45",0.150864565822939,NA,3.14710770962438,1,0.0760616720054328,0.17757275525775,0.666729447690898,0.732815456843349,0.0660860091524504,"chr8",135647197,135647198,"+",0.699772452267124,0,"TUTR","proximal pA"
"KHNYN","ENSG00000100441","PAS36442_APA_0.15",0.715793170669697,NA,0.266183484861813,1,0.605903489804336,0.746014013891932,0.21186523582964,0.24153247269675,0.0296672368671098,"chr14",24438406,24438407,"+",0.226698854263195,0,"TUTR","proximal pA"
"KIF20B","ENSG00000138182","PAS27547_AATAAA_0.25",0.90546563096205,NA,0.0346388198086061,1,0.852354523123404,0.917315148353228,0.214106125347443,0.230449967937554,0.0163438425901118,"chr10",89774211,89774212,"+",0.222278046642499,0,"TUTR","proximal pA"
"KIF3B","ENSG00000101350","PAS48935_APA_0.25",0.734347818477038,NA,0.231187717253761,1,0.630644549159358,0.764398054974919,0.125998165003429,0.145401009655963,0.0194028446525336,"chr20",32333477,32333478,"+",0.135699587329696,0,"TUTR","proximal pA"
"KIFBP","ENSG00000198954","PAS27320_ATTAAA_0.35",0.572977308378791,NA,0.607715655029438,1,0.435649205056465,0.605091589860154,0.079073634500565,0.123036785725473,0.0439631512249084,"chr10",69016683,69016684,"+",0.101055210113019,0,"TUTR","proximal pA"
"KIRREL1","ENSG00000183853","PAS1696_APA_0.1",0.667610871482603,NA,1.07923191254645,1,0.298869445942065,0.467394315592368,0.168270976102809,0.228540885129969,0.0602699090271591,"chr1",158098206,158098207,"+",0.198405930616389,0,"TUTR","proximal pA"
"KLF3","ENSG00000109787","PAS12708_APA_0.25",0.257205845102341,NA,0.714499408720712,1,0.397954151728638,0.569693877090593,0.333272080207648,0.281217553761693,-0.052054526445955,"chr4",38697633,38697634,"+",0.307244816984671,0,"TUTR","proximal pA"
"KLF5","ENSG00000102554","PAS35605_APA_0.25",0.614447079453548,NA,0.492206600711825,1,0.482944638168746,0.646493012703415,0.335061210453385,0.384036904438142,0.0489756939847573,"chr13",73076054,73076055,"+",0.359549057445763,0,"TUTR","proximal pA"
"KLHDC10","ENSG00000128607","PAS20983_APA_0.25",0.894561997075026,NA,0.0429742783308029,1,0.835773712578517,0.908154828585504,0.379312312063617,0.363636363636364,-0.0156759484272531,"chr7",130130887,130130888,"+",0.37147433784999,0,"TUTR","proximal pA"
"KLHL36","ENSG00000135686","PAS40962_ATTAAA_0.35",0.902874367489058,NA,0.0361533741564699,1,0.84919910784484,0.915393306029233,0.696446423032885,0.676677724982134,-0.0197686980507508,"chr16",84662308,84662309,"+",0.686562074007509,0,"TUTR","proximal pA"
"KMT2A","ENSG00000118058","PAS30589_AATAAA_0.35",0.0688000879817712,NA,4.15007377085567,1,0.0416327100336615,0.11202780307445,0.53688645365466,0.592901290453122,0.0560148367984614,"chr11",118525668,118525669,"+",0.564893872053891,0,"TUTR","proximal pA"
"KPNA6","ENSG00000025800","PAS545_None_0.2",0.0276963182752618,0.14844157509588,4.80022947454381,1,0.028455946498355,0.083193538690103,0.661891006508164,0.715325097146137,0.0534340906379724,"chr1",32173193,32173194,"+",0.688608051827151,0,"TUTR","proximal pA"
"KPNB1","ENSG00000108424","PAS42975_APA_0.35",5.16802363214274e-08,0.294528923366924,4.32119883593987,1,0.0376403950179674,0.10351108629941,0.351904509083206,0.31910882893751,-0.0327956801456968,"chr17",47682709,47682710,"+",0.335506669010358,0,"TUTR","proximal pA"
"LARP1","ENSG00000155506","PAS15701_APA_0.35",0.106417153822712,NA,5.54500472240034,1,0.018533506703384,0.0597563237688643,0.687413123892446,0.730033673382198,0.0426205494897525,"chr5",154814922,154814923,"+",0.708723398637322,0,"TUTR","proximal pA"
"LASP1","ENSG00000002834","PAS42722_APA_0.3",0.062466903141766,NA,5.00558878457377,1,0.0252656080917573,0.0760715775330952,0.147675354519133,0.109206228083398,-0.0384691264357348,"chr17",38921525,38921526,"+",0.128440791301266,0,"TUTR","proximal pA"
"LAT","ENSG00000213658","PAS40436_AATAAA_0.05",0.139486038497519,NA,3.29867772412945,1,0.0693356757904856,0.165098837888671,0.444538747841533,0.370845607190171,-0.0736931406513617,"chr16",28990453,28990454,"+",0.407692177515852,0,"TUTR","proximal pA"
"LAYN","ENSG00000204381","PAS30500_AATAAA_0.35",0.0900709321950268,NA,0.641243821009994,1,0.423260750178507,0.592820163822292,0.174528473312531,0.207792437873045,0.0332639645605141,"chr11",111560732,111560733,"+",0.191160455592788,0,"TUTR","proximal pA"
"LDAF1","ENSG00000011638","PAS40356_APA_0.25",0.979812287463041,NA,0.00207513335101339,1,0.963666027406808,0.981310361196526,0.604756307384592,0.608137472399903,0.00338116501531072,"chr16",21179989,21179990,"+",0.606446889892247,0,"TUTR","proximal pA"
"LDHA","ENSG00000134333","PAS29578_ATTAAA_0.45",1.39956488579311e-07,4.90443742570712e-08,31.6143585802929,1,1.88034125749889e-08,3.35649942165063e-07,0.0976775442281917,0.158471493969481,0.0607939497412895,"chr11",18407389,18407390,"+",0.128074519098836,0,"TUTR","proximal pA"
"LIMD1","ENSG00000144791","PAS9534_APA_0.25",0.329323300083899,NA,1.5866735123609,1,0.207802040624488,0.365126647940609,0.138736139955683,0.197081258501372,0.0583451185456899,"chr3",45680855,45680856,"+",0.167908699228528,0,"TUTR","proximal pA"
"LIMS1","ENSG00000169756","PAS6127_ATTAAA_0.35",0.588654724132772,NA,0.56289864235373,1,0.453094687536489,0.620317850490514,0.861702845860398,0.821552628060994,-0.040150217799404,"chr2",108684174,108684175,"+",0.841627736960696,0,"TUTR","proximal pA"
"LMO4","ENSG00000143013","PAS1094_APA_0.15",0.768514696103338,NA,0.677586843845347,1,0.410418926275518,0.581151413234311,0.479842500537887,0.456639476841791,-0.0232030236960965,"chr1",87345343,87345344,"+",0.468240988689839,0,"TUTR","proximal pA"
"LMO7","ENSG00000136153","PAS35613_ATTAAA_0.2",0.760823943749679,NA,0.190205949705387,1,0.662745262640521,0.788515481782217,0.160200578135861,0.136583920483406,-0.0236166576524547,"chr13",75858423,75858424,"+",0.148392249309634,0,"TUTR","proximal pA"
"LNPEP","ENSG00000113441","PAS15158_APA_0.35",0.246364988501638,NA,2.16572883169874,1,0.141117700964852,0.278828521508616,0.0945252433500479,0.166085687840738,0.0715604444906903,"chr5",97031735,97031736,"+",0.130305465595393,0,"TUTR","proximal pA"
"LPIN1","ENSG00000134324","PAS5235_ATTAAA_0.35",0.570630497353095,NA,0.779031339579888,1,0.377437554362119,0.549995469995549,0.519259522626459,0.553024830982715,0.0337653083562562,"chr2",11826429,11826430,"+",0.536142176804587,0,"TUTR","proximal pA"
"LRCH1","ENSG00000136141","PAS35513_ATTAAA_0.3",0.891481048155189,NA,0.046752724866451,1,0.828813314899391,0.904280008953503,0.412116380018452,0.430147570036902,0.0180311900184504,"chr13",46751559,46751560,"+",0.421131975027677,0,"TUTR","proximal pA"
"LRP1","ENSG00000123384","PAS32763_APA_0.35",0.393604100902054,NA,1.25043149950397,1,0.263470079222922,0.430666516885804,0.093000380525818,0.0696249371949894,-0.0233754433308285,"chr12",57212703,57212704,"+",0.0813126588604037,0,"TUTR","proximal pA"
"LRRC8A","ENSG00000136802","PAS25583_None_0.1",0.906948359700422,NA,0.0334308466235598,1,0.854922744573676,0.918898957226171,0.352891169266726,0.361549360730323,0.00865819146359659,"chr9",128917161,128917162,"+",0.357220264998524,0,"TUTR","proximal pA"
"LRRFIP1","ENSG00000124831","PAS7174_APA_0.3",0.0564435062888273,NA,0.75561052266039,1,0.384705698883772,0.557480541155293,0.238755700023088,0.266996381497095,0.0282406814740077,"chr2",237765106,237765107,"+",0.252876040760091,0,"TUTR","proximal pA"
"LYPLAL1","ENSG00000143353","PAS2253_ATTAAA_0.15",0.603185936707185,NA,0.521226531863022,1,0.470318946894338,0.635230707438428,0.89363562534975,0.921742755727131,0.0281071303773804,"chr1",219211825,219211826,"+",0.90768919053844,0,"TUTR","proximal pA"
"MACF1","ENSG00000127603","PAS675_ATTAAA_0.25",0.322701273094881,NA,1.62391655347528,1,0.202546543751042,0.358555050174441,0.503502784553231,0.537870463954587,0.0343676794013551,"chr1",39486217,39486218,"+",0.520686624253909,0,"TUTR","proximal pA"
"MAFF","ENSG00000185022","PAS50994_AATAAA_0.45",0.832911990235219,NA,0.0983158977485346,1,0.753860059580854,0.853428701254838,0.13335787293987,0.150535836755838,0.0171779638159685,"chr22",38216061,38216062,"+",0.141946854847854,0,"TUTR","proximal pA"
"MAK16","ENSG00000198042","PAS22764_None_0.15",0.135676958572684,NA,3.34904170358959,1,0.0672441496805792,0.161120994254071,0.115079287542968,0.0608581241092099,-0.0542211634337582,"chr8",33498939,33498940,"+",0.087968705826089,0,"TUTR","proximal pA"
"MAN2A2","ENSG00000196547","PAS39018_AATAAA_0.4",0.898603011413432,NA,0.0385993799209245,1,0.844244464623717,0.911865306951231,0.916232583078604,0.909248417352045,-0.00698416572655869,"chr15",90921200,90921201,"+",0.912740500215325,0,"TUTR","proximal pA"
"MAP1B","ENSG00000131711","PAS14935_AATAAA_0.35",0.707694928854843,NA,-0.0088978319108719,1,1,1,0.30663715786289,0.307503873638421,0.000866715775531324,"chr5",72207058,72207059,"+",0.307070515750656,0,"TUTR","proximal pA"
"MAP3K13","ENSG00000073803","PAS10599_APA_0.15",0.366821737514511,NA,1.37707597973372,1,0.240599842902864,0.403858582713256,0.652896789487175,0.717503783131872,0.0646069936446971,"chr3",185291812,185291813,"+",0.685200286309524,0,"TUTR","proximal pA"
"MAP3K20","ENSG00000091436","PAS6568_None_0.25",0.519926312018338,NA,1.14372320473194,1,0.284866968075638,0.453396997990249,0.35099321043265,0.410256389685599,0.0592631792529486,"chr2",173225807,173225808,"+",0.380624800059125,0,"TUTR","proximal pA"
"MAPK13","ENSG00000156711","PAS17722_AATAAA_0.25",0.628848350163258,NA,0.452360728630083,1,0.501216008755488,0.661828911408946,0.379079823821067,0.339894833814141,-0.0391849900069257,"chr6",36140049,36140050,"+",0.359487328817604,0,"TUTR","proximal pA"
"MAPK14","ENSG00000112062","PAS17718_AATAAA_0.25",0.397655115323417,NA,2.8787762543152,1,0.089754208515633,0.202211134940085,0.42401145907419,0.36065420685349,-0.0633572522206995,"chr6",36110757,36110758,"+",0.39233283296384,0,"TUTR","proximal pA"
"MAPKAPK3","ENSG00000114738","PAS9639_APA_0.25",0.221583163849015,NA,2.36533863552586,1,0.124056990356854,0.253909030436259,0.208259196427182,0.15714453489897,-0.0511146615282116,"chr3",50648166,50648167,"+",0.182701865663076,0,"TUTR","proximal pA"
"MAPKAPK5","ENSG00000089022","PAS33282_AATAAA_0.3",0.80516467694328,NA,0.130095354908008,1,0.718333192174887,0.828547228308084,0.903911100448678,0.88952199329864,-0.0143891071500379,"chr12",111893157,111893158,"+",0.896716546873659,0,"TUTR","proximal pA"
"MAPKBP1","ENSG00000137802","PAS38396_APA_0.35",0.31191963955902,NA,1.68779058321115,1,0.1938924751535,0.347015893618006,0.509580636231328,0.579750009277515,0.0701693730461874,"chr15",41827316,41827317,"+",0.544665322754421,0,"TUTR","proximal pA"
"MARCKS","ENSG00000277443","PAS18217_None_0.25",0.000554055533042951,0.403621458957835,2.0248243301794,1,0.154746817180747,0.29744761181286,0.490561093258976,0.520715463205289,0.0301543699463132,"chr6",113861241,113861242,"+",0.505638278232133,0,"TUTR","proximal pA"
"MARK2","ENSG00000072518","PAS29953_APA_0.15",0.598165769960441,NA,0.535249417750492,1,0.464408217728986,0.630302892918992,0.805948325225298,0.830593012437181,0.0246446872118825,"chr11",63909595,63909596,"+",0.81827066883124,0,"TUTR","proximal pA"
"MARK3","ENSG00000075413","PAS37196_ATTAAA_0.25",0.299374543407606,NA,0.684776669368148,1,0.407946731942549,0.578721336832921,0.474577417502977,0.504851755628103,0.0302743381251254,"chr14",103503359,103503360,"+",0.48971458656554,0,"TUTR","proximal pA"
"MARK4","ENSG00000007047","PAS46969_APA_0.2",0.102690571944617,NA,3.76882034167647,1,0.0522164467986705,0.13351009319499,0.115647106893362,0.16507919624886,0.0494320893554978,"chr19",45302838,45302839,"+",0.140363151571111,0,"TUTR","proximal pA"
"MAVS","ENSG00000088888","PAS48743_None_0.25",0.00264723879030751,0.312297506819922,4.22165578600652,1,0.039911195767975,0.108457898718366,0.552411399894393,0.605332368934767,0.0529209690403736,"chr20",3870675,3870676,"+",0.57887188441458,0,"TUTR","proximal pA"
"MAZ","ENSG00000103495","PAS40444_None_0.15",0.963999584345775,NA,0.00572847847070079,1,0.939668347444265,0.966862038846542,0.215500160648877,0.213720659774191,-0.00177950087468534,"chr16",29810905,29810906,"+",0.214610410211534,0,"TUTR","proximal pA"
"MBNL1","ENSG00000152601","PAS10327_ATTAAA_0.25",0.346609215910927,NA,2.79090024840661,1,0.0948009557289201,0.209803543690551,0.351620842071347,0.397914926175302,0.0462940841039554,"chr3",152463699,152463700,"+",0.374767884123324,0,"TUTR","proximal pA"
"MBNL2","ENSG00000139793","PAS35667_ATTAAA_0.45",0.119236726524293,NA,3.63185928940129,1,0.0566834584373932,0.141959554396805,0.0656974385227978,0.130969516871071,0.0652720783482728,"chr13",97392025,97392026,"+",0.0983334776969342,0,"TUTR","proximal pA"
"MCCC2","ENSG00000131844","PAS14929_APA_0.2",0.590449322324656,NA,0.556872624937569,1,0.455523061059746,0.622547617718715,0.143985362250971,0.171749907574485,0.027764545323514,"chr5",71657211,71657212,"+",0.157867634912728,0,"TUTR","proximal pA"
"MCM4","ENSG00000104738","PAS22892_AATAAA_0.25",0.908458975644521,NA,0.0771749581947461,1,0.781162964451901,0.870985661589632,0.663573174408145,0.647849852012443,-0.0157233223957022,"chr8",47977925,47977926,"+",0.655711513210294,0,"TUTR","proximal pA"
"MCM8","ENSG00000125885","PAS48776_AATAAA_0.35",0.777136292436043,NA,0.0493062689120052,1,0.824274843967014,0.902126875066674,0.225983199766111,0.218176351321642,-0.00780684844446905,"chr20",5994609,5994610,"+",0.222079775543876,0,"TUTR","proximal pA"
"MDH1","ENSG00000014641","PAS5721_APA_0.15",0.289743064188866,NA,1.84035316836889,1,0.174909559399787,0.323723239435276,0.171252605133879,0.139648505081192,-0.0316041000526873,"chr2",63606957,63606958,"+",0.155450555107536,0,"TUTR","proximal pA"
"MERTK","ENSG00000153208","PAS6158_AATAAA_0.25",0.811538640046709,NA,0.123243151055988,1,0.7255433064748,0.834684336716621,0.228265495572879,0.185053274188675,-0.0432122213842044,"chr2",112029113,112029114,"+",0.206659384880777,0,"TUTR","proximal pA"
"METTL13","ENSG00000010165","PAS1843_AATAAA_0.1",0.976881745274644,NA,0.00257092644574186,1,0.959561146954172,0.978893791573741,0.76314741667463,0.760183185284882,-0.00296423138974866,"chr1",171796957,171796958,"+",0.761665300979756,0,"TUTR","proximal pA"
"MFAP3","ENSG00000037749","PAS15685_AATAAA_0.15",0.69011333465445,NA,0.315417474568903,1,0.574374677778735,0.721670144050852,0.214285883083464,0.260623465372719,0.0463375822892547,"chr5",154055031,154055032,"+",0.237454674228091,0,"TUTR","proximal pA"
"MIDN","ENSG00000167470","PAS46021_None_0.15",0.848147662758361,NA,0.0829298880744318,1,0.773365493482796,0.866362510022942,0.427903974610478,0.434048483772432,0.00614450916195419,"chr19",1258874,1258875,"+",0.430976229191455,0,"TUTR","proximal pA"
"MIEF1","ENSG00000100335","PAS51033_ATTAAA_0.25",0.305509230436184,NA,1.56040584910079,1,0.211605806055745,0.370063198425462,0.381755751464376,0.441568918885082,0.0598131674207057,"chr22",39516377,39516378,"+",0.411662335174729,0,"TUTR","proximal pA"
"MIOS","ENSG00000164654","PAS20054_AATAAA_0.2",0.188310800906854,NA,0.0112159139839605,1,0.9156575585425,0.956219549740274,0.722626744800719,0.719321885402278,-0.00330485939844005,"chr7",7607227,7607228,"+",0.720974315101498,0,"TUTR","proximal pA"
"MKRN2","ENSG00000075975","PAS9209_AATAAA_0.3",0.473059839473906,NA,0.576750500111302,1,0.447588847310633,0.615510758601674,0.162461371012676,0.132225574023076,-0.0302357969896006,"chr3",12583369,12583370,"+",0.147343472517876,0,"TUTR","proximal pA"
"MLEC","ENSG00000110917","PAS33410_ATTAAA_0.35",0.669431153275947,NA,1.14238930018109,1,0.28514802193119,0.453788823454883,0.577232391418109,0.607519787634318,0.0302873962162084,"chr12",120696689,120696690,"+",0.592376089526213,0,"TUTR","proximal pA"
"MME","ENSG00000196549","PAS10352_AATAAA_0.2",0.0264867901214383,0.516173739574751,3.38064335566014,1,0.0659663004685296,0.158496947562219,0.252809076358894,0.18721448276966,-0.0655945935892336,"chr3",155181586,155181587,"+",0.220011779564277,0,"TUTR","proximal pA"
"MON1B","ENSG00000103111","PAS40905_AATAAA_0.45",0.274817092400641,NA,2.422067396682,1,0.11963694656584,0.247313039819107,0.337433740254578,0.411236040722556,0.0738023004679779,"chr16",77199634,77199635,"+",0.374334890488567,0,"TUTR","proximal pA"
"MPRIP","ENSG00000133030","PAS42377_ATTAAA_0.2",0.318366329924391,NA,0.056740667273516,1,0.811723653570042,0.892820548043864,0.751846194518747,0.761592592437698,0.00974639791895093,"chr17",17185555,17185556,"+",0.756719393478222,0,"TUTR","proximal pA"
"MRFAP1","ENSG00000179010","PAS12555_None_0.2",0.615101584872957,NA,0.49047458109635,1,0.483715681053619,0.647057204081065,0.0916343986190719,0.0818127137010682,-0.00982168491800374,"chr4",6642360,6642361,"+",0.08672355616007,0,"TUTR","proximal pA"
"MRPL19","ENSG00000115364","PAS5881_AATAAA_0.4",0.224823096635708,NA,0.0416619441693911,1,0.838265526052569,0.909549741058471,0.174560874624607,0.168718817869607,-0.00584205675500055,"chr2",75655442,75655443,"+",0.171639846247107,0,"TUTR","proximal pA"
"MRPL45","ENSG00000278845","PAS42700_APA_0.3",0.850845740525283,NA,0.226334820967168,1,0.634254922341496,0.767202904315127,0.155038759812066,0.145645960401508,-0.0093927994105581,"chr17",38322972,38322973,"+",0.150342360106787,0,"TUTR","proximal pA"
"MRPL52","ENSG00000172590","PAS36384_AATAAA_0.1",0.658703161198748,NA,0.382694373247432,1,0.536164769215826,0.690634830531171,0.915007342472084,0.904014764047289,-0.0109925784247951,"chr14",22834345,22834346,"+",0.909511053259687,0,"TUTR","proximal pA"
"MRPL57","ENSG00000173141","PAS35341_ATTAAA_0.3",0.34590202977546,NA,1.49643022369492,1,0.221221448329487,0.381848349530656,0.933856816715396,0.909414084272157,-0.0244427324432391,"chr13",21177354,21177355,"+",0.921635450493776,0,"TUTR","proximal pA"
"MRPS17","ENSG00000239789","PAS20429_APA_0.2",0.818730000983887,NA,0.114374737825528,1,0.735217491496795,0.841088810272333,0.874972269662924,0.884079656577551,0.00910738691462687,"chr7",55955258,55955259,"+",0.879525963120237,0,"TUTR","proximal pA"
"MRPS26","ENSG00000125901","PAS48722_AATAAA_0.25",0.570444025765906,NA,0.61505684415124,1,0.432890147212425,0.602287980933956,0.0833949364689308,0.103529877703322,0.0201349412343914,"chr20",3047960,3047961,"+",0.0934624070861265,0,"TUTR","proximal pA"
"MRS2","ENSG00000124532","PAS17425_AATAAA_0.25",0.798110835105763,NA,0.139568423743185,1,0.708710434928084,0.822404930419241,0.373005429994997,0.330886552568031,-0.042118877426966,"chr6",24424261,24424262,"+",0.351945991281514,0,"TUTR","proximal pA"
"MSANTD3","ENSG00000066697","PAS25277_APA_0.2",0.0765650530710434,NA,0.550745493263094,1,0.458013245911194,0.625209941156233,0.344825686407487,0.363603728424672,0.0187780420171857,"chr9",100451228,100451229,"+",0.354214707416079,0,"TUTR","proximal pA"
"MSH2","ENSG00000095002","PAS5595_AATAAA_0.45",0.846527169457766,NA,0.084354794967112,1,0.771480434576759,0.865156402547651,0.180420790755763,0.190678462946793,0.0102576721910302,"chr2",47482956,47482957,"+",0.185549626851278,0,"TUTR","proximal pA"
"MSI2","ENSG00000153944","PAS43115_APA_0.15",0.0355344267492451,1,0.00192392361441307,1,0.965013964399242,0.981694554122494,0.30005545176202,0.297600811034498,-0.00245464072752249,"chr17",57682010,57682011,"+",0.298828131398259,0,"TUTR","proximal pA"
"MSRB3","ENSG00000174099","PAS32852_ATTAAA_0.4",0.794927875788023,NA,0.714329025688585,1,0.398010415428706,0.569693877090593,0.765267929405058,0.795407299272232,0.0301393698671746,"chr12",65463392,65463393,"+",0.780337614338645,0,"TUTR","proximal pA"
"MSX1","ENSG00000163132","PAS12540_None_0.25",0.894148606594895,NA,0.0434263411316351,1,0.834924559264661,0.907447865172557,0.526357895675154,0.534533687035304,0.00817579136015001,"chr4",4863669,4863670,"+",0.530445791355229,0,"TUTR","proximal pA"
"MTDH","ENSG00000147649","PAS23199_AATAAA_0.45",0.000140282617527755,0.633052885163204,4.1988397138557,1,0.0404516479950622,0.109551986547293,0.214425495628883,0.238442002241372,0.0240165066124888,"chr8",97724651,97724652,"+",0.226433748935127,0,"TUTR","proximal pA"
"MTFR1L","ENSG00000117640","PAS417_APA_0.3",0.100559202900066,NA,3.99613918297746,1,0.0456046143745217,0.120083136108199,0.0800545064739638,0.142811499517164,0.0627569930432,"chr1",25832285,25832286,"+",0.111433002995564,0,"TUTR","proximal pA"
"MTG1","ENSG00000148824","PAS28061_None_0.25",0.262314120516709,NA,2.04265288467695,1,0.152942712223762,0.295391318382714,0.89577657818177,0.938995533473919,0.0432189552921489,"chr10",133420485,133420486,"+",0.917386055827845,0,"TUTR","proximal pA"
"MTHFD2","ENSG00000065911","PAS5847_APA_0.35",3.85029801971109e-06,0.534275073977683,2.66745877115318,1,0.102419439504691,0.221982705908486,0.50441500354067,0.537346238212658,0.0329312346719883,"chr2",74214718,74214719,"+",0.520880620876664,0,"TUTR","proximal pA"
"MTO1","ENSG00000135297","PAS18009_ATTAAA_0.25",0.432198645088599,NA,0.582642116583884,1,0.445278555104748,0.613489659881216,0.868035155097844,0.844221105367663,-0.0238140497301811,"chr6",73501094,73501095,"+",0.856128130232753,0,"TUTR","proximal pA"
"NAA30","ENSG00000139977","PAS36697_AATAAA_0.1",0.0609773449897781,NA,0.733080514521134,1,0.391886492610823,0.563867639135851,0.481061817728239,0.443977644924598,-0.0370841728036401,"chr14",57412249,57412250,"+",0.462519731326419,0,"TUTR","proximal pA"
"NBEAL1","ENSG00000144426","PAS6840_AATAAA_0.25",0.704384859608577,NA,0.287030219768667,1,0.592129950818224,0.734966334414111,0.221991369190757,0.28162021168573,0.0596288424949727,"chr2",203224853,203224854,"+",0.251805790438244,0,"TUTR","proximal pA"
"NBR1","ENSG00000188554","PAS42856_AATAAA_0.25",0.0105692305885184,0.391223152663455,2.07231841031989,1,0.149993357237261,0.291322919063952,0.543488699199947,0.49890577291855,-0.0445829262813967,"chr17",43211468,43211469,"+",0.521197236059249,0,"TUTR","proximal pA"
"NCAPD2","ENSG00000010292","PAS32100_None_0.25",0.411562734122598,NA,1.16605689905919,1,0.280212925360067,0.44823734452496,0.102781142936899,0.125968992541597,0.0231878496046982,"chr12",6531484,6531485,"+",0.114375067739248,0,"TUTR","proximal pA"
"NCK1","ENSG00000158092","PAS10204_APA_0.3",0.69441787014265,NA,0.304622103868041,1,0.580999181715096,0.725928214274385,0.214771387567357,0.177480505845082,-0.0372908817222745,"chr3",136948871,136948872,"+",0.19612594670622,0,"TUTR","proximal pA"
"NCOA3","ENSG00000124151","PAS49173_ATTAAA_0.15",0.175356749407618,NA,4.81963653858475,1,0.0281372778467029,0.0825592777044295,0.4460675990793,0.518283879139344,0.0722162800600441,"chr20",47655786,47655787,"+",0.482175739109322,0,"TUTR","proximal pA"
"NCS1","ENSG00000107130","PAS25620_APA_0",0.785405989647058,NA,0.763995730904526,1,0.382080954374235,0.555036778217451,0.330687307343349,0.400300413167346,0.0696131058239974,"chr9",130233276,130233277,"+",0.365493860255348,0,"TUTR","proximal pA"
"NDOR1","ENSG00000188566","PAS25754_APA_0.15",0.880595126545348,NA,0.0544126368858997,1,0.815555507344468,0.894876593428075,0.415585885737505,0.401792518846952,-0.0137933668905537,"chr9",137217007,137217008,"+",0.408689202292229,0,"TUTR","proximal pA"
"NDUFB5","ENSG00000136521","PAS10515_AATAAA_0.4",0.00136552316240289,0.000643334201823418,13.4374420378699,1,0.000246651702743313,0.00166823212463552,0.05129742699689,0.119073916673424,0.0677764896765343,"chr3",179624128,179624129,"+",0.0851856718351572,0,"TUTR","proximal pA"
"NDUFV3","ENSG00000160194","PAS50287_AATAAA_0.25",0.400153373476154,NA,2.01117473561317,1,0.156144371044295,0.29907369743883,0.73725489661148,0.808080788277925,0.070825891666445,"chr21",42909098,42909099,"+",0.772667842444702,0,"TUTR","proximal pA"
"NECTIN3","ENSG00000177707","PAS9956_AATAAA_0.25",0.829911321191946,NA,0.22170845977962,1,0.63774122978878,0.770059072398756,0.378786858855846,0.425000020044513,0.0462131611886676,"chr3",111134963,111134964,"+",0.401893439450179,0,"TUTR","proximal pA"
"NET1","ENSG00000173848","PAS26854_ATTAAA_0.1",0.673451063484538,NA,0.260379807536083,1,0.609859341975572,0.749607973659026,0.0871790881627264,0.0939429455615124,0.00676385739878604,"chr10",5457710,5457711,"+",0.0905610168621194,0,"TUTR","proximal pA"
"NF2","ENSG00000186575","PAS50864_None_0.2",0.777505466366771,NA,0.166099876780436,1,0.683601489515214,0.804604394271119,0.146456051325622,0.16607760632006,0.0196215549944385,"chr22",29695061,29695062,"+",0.156266828822841,0,"TUTR","proximal pA"
"NFAT5","ENSG00000102908","PAS40802_ATTAAA_0.4",0.981392943865941,NA,0.00168389485770604,1,0.967267763822815,0.98236827484294,0.371888143591953,0.374187805277659,0.0022996616857055,"chr16",69697469,69697470,"+",0.373037974434806,0,"TUTR","proximal pA"
"NFE2L1","ENSG00000082641","PAS42989_APA_0.2",0.954059576571517,NA,0.00968105307583755,1,0.921620754923383,0.95917545814773,0.480986951367554,0.483893548803423,0.00290659743586802,"chr17",48060953,48060954,"+",0.482440250085488,0,"TUTR","proximal pA"
"NFIA","ENSG00000162599","PAS924_AATAAA_0.25",0.941130823366594,NA,0.0148992503181944,1,0.902849532053184,0.948783086538649,0.718848503625255,0.725076609348204,0.00622810572294885,"chr1",61458033,61458034,"+",0.72196255648673,0,"TUTR","proximal pA"
"NFIC","ENSG00000141905","PAS46093_None_0.15",0.0320692783175676,0.0276552267395697,6.53068681573859,1,0.0106029008651083,0.0386702771742305,0.476664511386171,0.542069715131447,0.0654052037452759,"chr19",3465132,3465133,"+",0.509367113258809,0,"TUTR","proximal pA"
"NFIX","ENSG00000008441","PAS46331_ATTAAA_0.25",0.845099922653118,NA,0.0856153438602405,1,0.769827151069288,0.86389795764639,0.434830025396571,0.40083926629129,-0.0339907591052812,"chr19",13097497,13097498,"+",0.41783464584393,0,"TUTR","proximal pA"
"NFX1","ENSG00000086102","PAS24909_AATAAA_0.45",0.216864323338043,NA,0.621427297640594,1,0.430517387301523,0.600141699084597,0.291568810136818,0.252802716439096,-0.0387660936977223,"chr9",33348369,33348370,"+",0.272185763287957,0,"TUTR","proximal pA"
"NHLRC2","ENSG00000196865","PAS27872_ATTAAA_0.2",0.442172459952192,NA,1.03500614479566,1,0.308985761543563,0.478000482731848,0.185236184276773,0.121601619983981,-0.063634564292792,"chr10",113911661,113911662,"+",0.153418902130377,0,"TUTR","proximal pA"
"NIPA1","ENSG00000170113","PAS38185_ATTAAA_0.3",0.954836665876503,NA,0.00348481594244276,1,0.952926357676964,0.974646757246744,0.229440264281457,0.225862024250317,-0.00357824003113982,"chr15",22825465,22825466,"+",0.227651144265887,0,"TUTR","proximal pA"
"NIPA2","ENSG00000140157","PAS38190_APA_0.2",0.0449790498757039,1,0.0442378573770839,1,0.833411702120985,0.906625054636968,0.17340515305744,0.181114119449347,0.00770896639190699,"chr15",22867287,22867288,"+",0.177259636253394,0,"TUTR","proximal pA"
"NIPBL","ENSG00000164190","PAS14719_AATAAA_0.3",0.661861938367716,NA,0.863054126221414,1,0.352885425126335,0.525471797364572,0.327306193341899,0.363029412267074,0.0357232189251754,"chr5",37065187,37065188,"+",0.345167802804487,0,"TUTR","proximal pA"
"NLN","ENSG00000123213","PAS14874_APA_0.25",0.974475703285721,NA,0.0230719785820384,1,0.879270043894782,0.933502576585036,0.311276344063212,0.319523363328526,0.00824701926531402,"chr5",65823327,65823328,"+",0.315399853695869,0,"TUTR","proximal pA"
"NOL3","ENSG00000140939","PAS40716_AATAAA_0.15",0.222781312192083,NA,2.35460306509731,1,0.124913676923721,0.255060674377887,0.306383909570242,0.377805884445857,0.0714219748756151,"chr16",67175191,67175192,"+",0.342094897008049,0,"TUTR","proximal pA"
"NOLC1","ENSG00000166197","PAS27734_ATTAAA_0.15",0.550060223906894,NA,0.670959513510752,1,0.412717276886337,0.583537759900081,0.128237379148148,0.108151659440412,-0.0200857197077367,"chr10",102162598,102162599,"+",0.11819451929428,0,"TUTR","proximal pA"
"NOM1","ENSG00000146909","PAS21179_APA_0.2",0.863201486607171,NA,0.0688772390792707,1,0.792978587196074,0.879188068090868,0.661294478340255,0.698152010035304,0.0368575316950489,"chr7",156969845,156969846,"+",0.679723244187779,0,"TUTR","proximal pA"
"NPEPPS","ENSG00000141279","PAS42970_AATAAA_0.35",0.121096472963378,NA,1.67919813964545,1,0.19503103496396,0.348567747697731,0.760455075733232,0.780435631948577,0.0199805562153452,"chr17",47622173,47622174,"+",0.770445353840904,0,"TUTR","proximal pA"
"NR2F1","ENSG00000175745","PAS15118_APA_0.1",0.740064801621934,NA,0.222353759248563,1,0.637252294763318,0.769754396338536,0.641896140938135,0.683171732446893,0.0412755915087578,"chr5",93594097,93594098,"+",0.662533936692514,0,"TUTR","proximal pA"
"NSUN4","ENSG00000117481","PAS813_AATAAA_0.2",0.924355210523428,NA,0.022901644987428,1,0.879713121950685,0.933689219517617,0.472337676662295,0.485463503797938,0.0131258271356429,"chr1",46362189,46362190,"+",0.478900590230117,0,"TUTR","proximal pA"
"NT5DC1","ENSG00000178425","PAS18225_ATTAAA_0.4",0.245717860345046,NA,2.17089328427369,1,0.140644515808679,0.278358491896325,0.818870220490548,0.88044255950169,0.0615723390111413,"chr6",116244215,116244216,"+",0.849656389996119,0,"TUTR","proximal pA"
"NUB1","ENSG00000013374","PAS21143_APA_0.15",0.0957473368545732,NA,0.282131049747477,1,0.595307841106983,0.737784851078588,0.233595587916974,0.263122323928629,0.0295267360116555,"chr7",151377283,151377284,"+",0.248358955922801,0,"TUTR","proximal pA"
"NUDT16","ENSG00000198585","PAS10151_APA_0.25",0.661066002862229,NA,0.775269770413388,1,0.378591727559746,0.551260395069372,0.568645278259765,0.626946412635131,0.0583011343753664,"chr3",131383639,131383640,"+",0.597795845447448,0,"TUTR","proximal pA"
"NUP42","ENSG00000136243","PAS20148_APA_0.3",0.288295828634062,NA,1.85196685658229,1,0.173554810479329,0.32216220155378,0.181069857057343,0.123237022014754,-0.057832835042589,"chr7",23200779,23200780,"+",0.152153439536049,0,"TUTR","proximal pA"
"NUSAP1","ENSG00000137804","PAS38365_AATAAA_0.25",0.347808839223811,NA,2.83473701522598,1,0.0922459017364398,0.206219385115349,0.40097941668111,0.346156074967709,-0.0548233417134007,"chr15",41380792,41380793,"+",0.373567745824409,0,"TUTR","proximal pA"
"NUTF2","ENSG00000102898","PAS40737_AATAAA_0.3",0.409336977469519,NA,1.17635243741825,1,0.278099819695082,0.446063472660188,0.907386654876107,0.888193168074078,-0.0191934868020295,"chr16",67871314,67871315,"+",0.897789911475093,0,"TUTR","proximal pA"
"OGFOD1","ENSG00000087263","PAS40610_ATTAAA_0.2",0.812335683685071,NA,0.121158923944449,1,0.72778092645544,0.835753688620984,0.376687923734303,0.401440108286433,0.0247521845521298,"chr16",56476432,56476433,"+",0.389064016010368,0,"TUTR","proximal pA"
"OGFOD2","ENSG00000111325","PAS33518_AATAAA_0.15",0.714447028046631,NA,0.26875930305323,1,0.604165259011481,0.744860494127561,0.592163707893935,0.563440111173503,-0.028723596720432,"chr12",122979448,122979449,"+",0.577801909533719,0,"TUTR","proximal pA"
"OSBPL6","ENSG00000079156","PAS6628_AATAAA_0.25",0.267820982946266,NA,0.723704849218791,1,0.394931333836855,0.567157620009759,0.696251054880962,0.625682754541667,-0.0705683003392955,"chr2",178395616,178395617,"+",0.660966904711314,0,"TUTR","proximal pA"
"OSBPL9","ENSG00000117859","PAS847_APA_0.15",0.458624906203269,NA,0.975092902799361,1,0.323413299631503,0.493901877338229,0.211316276735139,0.261678499103262,0.0503622223681236,"chr1",51788095,51788096,"+",0.2364973879192,0,"TUTR","proximal pA"
"OSTC","ENSG00000198856","PAS13138_AATAAA_0.25",0.871683815032781,NA,0.0613291114700587,1,0.804407425470384,0.88732337269188,0.318289436463554,0.306115662423298,-0.0121737740402567,"chr4",108667587,108667588,"+",0.312202549443426,0,"TUTR","proximal pA"
"OSTF1","ENSG00000134996","PAS25073_APA_0.25",0.994369494418306,NA,0.000252688101681997,1,0.987317228500446,0.993501321879876,0.116881974732606,0.11763596609648,0.000753991363873718,"chr9",75146844,75146845,"+",0.117258970414543,0,"TUTR","proximal pA"
"OTUB1","ENSG00000167770","PAS29961_ATTAAA_0.05",0.577760538366836,NA,0.591559034322927,1,0.441816882280522,0.609947282953154,0.556896590723242,0.517084923294485,-0.0398116674287572,"chr11",63997700,63997701,"+",0.536990757008863,0,"TUTR","proximal pA"
"PA2G4","ENSG00000170515","PAS32720_AATAAA_0.35",0.264843565032593,NA,2.02109349150123,1,0.155127394787552,0.297959083154304,0.798257084043455,0.820909522306624,0.022652438263169,"chr12",56113147,56113148,"+",0.809583303175039,0,"TUTR","proximal pA"
"PAFAH1B2","ENSG00000168092","PAS30555_None_0.25",0.17055718775542,NA,4.26646213039203,1,0.038871782979656,0.106180827099533,0.599571255606403,0.641217993708364,0.0416467381019602,"chr11",117170646,117170647,"+",0.620394624657383,0,"TUTR","proximal pA"
"PALM2AKAP2","ENSG00000157654","PAS25349_AATAAA_0.3",0.359587937857056,NA,2.60698900944408,1,0.106393597728829,0.227976269923472,0.355567906879332,0.39975880594832,0.0441908990689879,"chr9",110169480,110169481,"+",0.377663356413826,0,"TUTR","proximal pA"
"PALS1","ENSG00000072415","PAS36824_AATAAA_0.2",0.218430327069967,NA,0.0147558570024557,1,0.903315853876487,0.949043210600252,0.211626669246541,0.207512915439467,-0.00411375380707396,"chr14",67333493,67333494,"+",0.209569792343004,0,"TUTR","proximal pA"
"PALS2","ENSG00000105926","PAS20167_APA_0.2",0.477745707182721,NA,0.1528660774934,1,0.695811341394896,0.812946039286388,0.502716647570613,0.529985468562422,0.0272688209918093,"chr7",24687877,24687878,"+",0.516351058066517,0,"TUTR","proximal pA"
"PAPOLG","ENSG00000115421","PAS5685_None_0.1",0.775519251513762,NA,0.168587890229901,1,0.68136985552273,0.802776453591424,0.789027060490264,0.75356175520483,-0.0354653052854335,"chr2",60798467,60798468,"+",0.771294407847547,0,"TUTR","proximal pA"
"PARVB","ENSG00000188677","PAS51130_None_0.1",0.440934674825773,NA,0.076112193488143,1,0.78263686817836,0.871939417978943,0.173221903670253,0.162335987951957,-0.0108859157182968,"chr22",44168923,44168924,"+",0.167778945811105,0,"TUTR","proximal pA"
"PAX9","ENSG00000198807","PAS36515_AATAAA_0.45",0.979710912753446,NA,0.00211003532393761,1,0.963361961351636,0.981155921035363,0.406368573279211,0.411995451609255,0.00562687833004405,"chr14",36676882,36676883,"+",0.409182012444233,0,"TUTR","proximal pA"
"PBX1","ENSG00000185630","PAS1775_AATAAA_0.15",0.941769455929868,NA,0.014521319362359,1,0.904083564957797,0.949255376508181,0.428267403033486,0.442914742665386,0.0146473396318998,"chr1",164847070,164847071,"+",0.435591072849436,0,"TUTR","proximal pA"
"PCYOX1","ENSG00000116005","PAS5806_ATTAAA_0.3",0.0128412339542474,1,0.629657831656459,1,0.427480851257499,0.597109591168566,0.374050851519177,0.336893226709251,-0.0371576248099257,"chr2",70279288,70279289,"+",0.355472039114214,1,"TUTR","proximal pA"
"PDCD11","ENSG00000148843","PAS27777_None_0.15",0.926571316587061,NA,0.0210805694941882,1,0.884559682761691,0.936092488907211,0.388375911214324,0.394428951138018,0.00605303992369388,"chr10",103445715,103445716,"+",0.391402431176171,0,"TUTR","proximal pA"
"PDE4A","ENSG00000065989","PAS46246_APA_0.25",0.975667884676436,NA,0.00280829538723992,1,0.957737204374476,0.977416221514003,0.565620758789326,0.568550486033475,0.00292972724414908,"chr19",10467929,10467930,"+",0.567085622411401,0,"TUTR","proximal pA"
"PDK2","ENSG00000005882","PAS43039_APA_0.1",0.565180043665757,NA,0.629979366739235,1,0.427362882413093,0.597023423386106,0.797099716195491,0.736365434105296,-0.0607342820901948,"chr17",50111057,50111058,"+",0.766732575150394,0,"TUTR","proximal pA"
"PDP1","ENSG00000164951","PAS23140_ATTAAA_0.15",0.0792145500824205,NA,0.106688098117957,1,0.743946660418322,0.847127921948164,0.140354157474463,0.146904801471299,0.00655064399683639,"chr8",93925800,93925801,"+",0.143629479472881,0,"TUTR","proximal pA"
"PDXK","ENSG00000160209","PAS50299_None_0.15",0.810054797522248,NA,0.0270337508854936,1,0.869400964187347,0.927624328923898,0.822826768456736,0.818318874494912,-0.00450789396182372,"chr21",43756177,43756178,"+",0.820572821475824,0,"TUTR","proximal pA"
"PEA15","ENSG00000162734","PAS1709_ATTAAA_0.05",8.31364671249684e-06,0,23.9136330598449,1,1.00755710053414e-06,1.26435299414422e-05,0.111455544008427,0.0498252806125857,-0.0616302633958409,"chr1",160214637,160214638,"+",0.0806404123105061,0,"TUTR","proximal pA"
"PEBP1","ENSG00000089220","PAS33359_None_0.1",0.0644537447469222,NA,4.94164294382063,1,0.0262171051849183,0.0784463531320629,0.575896760750423,0.609267154102262,0.0333703933518384,"chr12",118145188,118145189,"+",0.592581957426342,0,"TUTR","proximal pA"
"PEX26","ENSG00000215193","PAS50688_ATTAAA_0.35",0.760289211852938,NA,0.779016999375017,1,0.3774419449938,0.549995469995549,0.23026948679769,0.184482571289775,-0.0457869155079154,"chr22",18091018,18091019,"+",0.207376029043732,0,"TUTR","proximal pA"
"PGAM5","ENSG00000247077","PAS33659_ATTAAA_0.25",0.289051391459345,NA,1.84547040668622,1,0.174311133230907,0.322891213769934,0.111824725425051,0.153945851472859,0.0421211260478078,"chr12",132721314,132721315,"+",0.132885288448955,0,"TUTR","proximal pA"
"PGD","ENSG00000142657","PAS170_AATAAA_0.15",0.761502534878027,NA,0.189305563153539,1,0.663495220731231,0.78906344849762,0.900925328201063,0.893486128721256,-0.00743919947980742,"chr1",10420142,10420143,"+",0.897205728461159,0,"TUTR","proximal pA"
"PGM2","ENSG00000169299","PAS12698_AATAAA_0.2",0.414878367208771,NA,1.15360924749916,1,0.282794880339602,0.451348009030428,0.80988525955992,0.860524400858579,0.0506391412986592,"chr4",37862087,37862088,"+",0.835204830209249,0,"TUTR","proximal pA"
"PHAF1","ENSG00000125149","PAS40711_None_0.2",0.942046520536192,NA,0.0141535901292968,1,0.905300025054284,0.949900760041235,0.408333105091923,0.421242400526424,0.0129092954345012,"chr16",67148222,67148223,"+",0.414787752809173,0,"TUTR","proximal pA"
"PHF20","ENSG00000025293","PAS49030_AATAAA_0.4",0.394134226459375,NA,4.1833942786443,1,0.0408218660629644,0.110347931673734,0.571110272844961,0.632223101845498,0.0611128290005365,"chr20",35950080,35950081,"+",0.60166668734523,0,"TUTR","proximal pA"
"PHKB","ENSG00000102893","PAS40549_AATAAA_0.25",0.381760485239247,NA,2.57652426790446,1,0.108459581779631,0.2306183885128,0.282827506765973,0.211956514306062,-0.0708709924599109,"chr16",47699996,47699997,"+",0.247392010536018,0,"TUTR","proximal pA"
"PHLDB2","ENSG00000144824","PAS9976_AATAAA_0.2",0.00970392042882883,0.00160844355463223,11.7249692342157,1,0.000616670682814775,0.00365758231334032,0.147604068716469,0.202345200639635,0.0547411319231652,"chr3",111974848,111974849,"+",0.174974634678052,0,"TUTR","proximal pA"
"PI4K2A","ENSG00000155252","PAS27658_APA_0.1",0.791601590345927,NA,0.663366373022654,1,0.415373996680014,0.586086335721456,0.875110989238449,0.848248303361732,-0.0268626858767174,"chr10",97676049,97676050,"+",0.861679646300091,0,"TUTR","proximal pA"
"PIK3C3","ENSG00000078142","PAS45341_AATAAA_0.35",0.486147953517138,NA,0.87508304774201,1,0.349551939043299,0.521821656851032,0.906592802991951,0.941922959362172,0.0353301563702213,"chr18",42081395,42081396,"+",0.924257881177061,0,"TUTR","proximal pA"
"PIK3CA","ENSG00000121879","PAS10498_AATAAA_0.2",0.6529724588442,NA,0.254869694512763,1,0.613666857554034,0.751675969718364,0.640476048063179,0.678655239211621,0.0381791911484425,"chr3",179234984,179234985,"+",0.6595656436374,0,"TUTR","proximal pA"
"PKN2","ENSG00000065243","PAS1099_APA_0.2",0.898133294114568,NA,0.335630099492846,1,0.56236253800471,0.711781343195654,0.668058383766756,0.646395922030837,-0.0216624617359187,"chr1",88833756,88833757,"+",0.657227152898797,0,"TUTR","proximal pA"
"PKP1","ENSG00000081277","PAS2042_None_0.2",0.353341340303559,NA,1.44941663169061,1,0.228621581949003,0.389934002583242,0.0751721928566598,0.113957846609265,0.0387856537526048,"chr1",201330347,201330348,"+",0.0945650197329621,0,"TUTR","proximal pA"
"PLBD2","ENSG00000151176","PAS33313_ATTAAA_0.05",0.0417436637673954,0,5.87170776355106,1,0.0153861188729637,0.0517764584675138,0.053266669389484,0.106771146383769,0.0535044769942852,"chr12",113389395,113389396,"+",0.0800189078866266,0,"TUTR","proximal pA"
"PLCL2","ENSG00000154822","PAS9271_AATAAA_0.35",0.957910592628004,NA,0.00790855100876797,1,0.929137514153615,0.962987197498564,0.337327565621611,0.329034991037058,-0.0082925745845529,"chr3",17090109,17090110,"+",0.333181278329335,0,"TUTR","proximal pA"
"PM20D2","ENSG00000146281","PAS18123_AATAAA_0.3",0.144485914100256,NA,0.83967439820708,1,0.359489909692322,0.531716548627663,0.526509687334907,0.4824125256249,-0.044097161710007,"chr6",89164768,89164769,"+",0.504461106479904,0,"TUTR","proximal pA"
"PMAIP1","ENSG00000141682","PAS45450_AATAAA_0.25",0.0192998961687212,1,1.23990170840079,1,0.265489997851449,0.432393159204119,0.612681256764143,0.638930554502194,0.0262492977380514,"chr18",59903549,59903550,"+",0.625805905633168,0,"TUTR","proximal pA"
"PNPO","ENSG00000108439","PAS42986_ATTAAA_0.25",0.917522355588286,NA,0.0265220531125578,1,0.870631872250962,0.92806875410039,0.617822908417324,0.607166006097088,-0.010656902320236,"chr17",47948273,47948274,"+",0.612494457257206,0,"TUTR","proximal pA"
"PNRC1","ENSG00000146278","PAS18117_APA_0.35",0.727116942424111,NA,0.244030079924414,1,0.621310411253787,0.757427667958517,0.0903090204485407,0.0780005780330368,-0.0123084424155039,"chr6",89084506,89084507,"+",0.0841547992407888,0,"TUTR","proximal pA"
"POLR1B","ENSG00000125630","PAS6175_ATTAAA_0.45",0.0794890120459933,NA,0.691927513374139,1,0.405509534787694,0.576772934330775,0.2431240170156,0.275333547431993,0.032209530416393,"chr2",112575772,112575773,"+",0.259228782223796,0,"TUTR","proximal pA"
"PPHLN1","ENSG00000134283","PAS32481_AATAAA_0.4",0.696703026979958,NA,1.04187466883741,1,0.307385874032642,0.476532330091347,0.53923018281768,0.572213848486043,0.0329836656683636,"chr12",42441669,42441670,"+",0.555722015651861,0,"TUTR","proximal pA"
"PPIF","ENSG00000108179","PAS27452_AATAAA_0.2",0.373411352376651,NA,1.34111271555594,1,0.2468378338927,0.410859648560464,0.740741105969551,0.689124829244798,-0.0516162767247533,"chr10",79354714,79354715,"+",0.714932967607175,0,"TUTR","proximal pA"
"PPP1CB","ENSG00000213639","PAS5392_APA_0.3",0.582381266764439,NA,0.321953885992116,1,0.570435790331786,0.718524919135372,0.618023651538625,0.59775980949122,-0.0202638420474049,"chr2",28801035,28801036,"+",0.607891730514923,0,"TUTR","proximal pA"
"PPP2R2D","ENSG00000175470","PAS28030_AATAAA_0.1",8.62410559288808e-08,1,1.37684570532292,1,0.240639169983043,0.403858582713256,0.202061815786416,0.234192029605772,0.032130213819356,"chr10",131956240,131956241,"+",0.218126922696094,0,"TUTR","proximal pA"
"PRDX6","ENSG00000117592","PAS1855_ATTAAA_0.3",2.9417478747378e-05,0,21.2605564008409,1,4.00896419561653e-06,4.3365462242359e-05,0.741326487543657,0.804866155957907,0.0635396684142501,"chr1",173488010,173488011,"+",0.773096321750782,0,"TUTR","proximal pA"
"PRMT3","ENSG00000185238","PAS29593_AATAAA_0.4",0.622356910403535,NA,0.472012729681978,1,0.492062673175368,0.654524334665344,0.142833638374605,0.192949493259595,0.0501158548849895,"chr11",20508912,20508913,"+",0.1678915658171,0,"TUTR","proximal pA"
"PRPF38A","ENSG00000134748","PAS861_ATTAAA_0.15",0.0733025812582431,NA,0.0669935442065253,1,0.795765552234197,0.881308113383671,0.618368131375792,0.607184138587388,-0.0111839927884037,"chr1",52417019,52417020,"+",0.61277613498159,0,"TUTR","proximal pA"
"PRSS23","ENSG00000150687","PAS30368_ATTAAA_0.25",0.319502385651663,NA,1.64476948798529,1,0.199672329456066,0.355012436563983,0.865963733018524,0.910174759915954,0.0442110268974307,"chr11",86809174,86809175,"+",0.888069246467239,0,"TUTR","proximal pA"
"PRXL2A","ENSG00000122378","PAS27469_AATAAA_0.4",0.504029134547896,NA,0.817120201926173,1,0.366023498738026,0.538599530439277,0.691534038197513,0.654806666686131,-0.0367273715113816,"chr10",80432990,80432991,"+",0.673170352441822,0,"TUTR","proximal pA"
"PSEN1","ENSG00000080815","PAS36917_ATTAAA_0.1",0.369593922294821,NA,0.218191674615127,1,0.640421239323648,0.772578250423532,0.721062160957626,0.746869757579877,0.0258075966222509,"chr14",73220400,73220401,"+",0.733965959268751,0,"TUTR","proximal pA"
"PSMD7","ENSG00000103035","PAS40874_ATTAAA_0.3",0.408128440555154,NA,1.18331175219646,1,0.276682818482322,0.444667595024139,0.776506673373456,0.795762766739822,0.0192560933663656,"chr16",74305782,74305783,"+",0.786134720056639,0,"TUTR","proximal pA"
"PSMD8","ENSG00000099341","PAS46772_AATAAA_0.1",0.00198069254253902,0,12.3321298212795,1,0.000445228135452374,0.0027599164348736,0.764445383787458,0.820419068309806,0.0559736845223483,"chr19",38383473,38383474,"+",0.792432226048632,0,"TUTR","proximal pA"
"PTER","ENSG00000165983","PAS26993_AATAAA_0.3",0.124540791242741,NA,1.99913216728601,1,0.157389297333775,0.300663749204089,0.339188434806443,0.37667881892362,0.0374903841171773,"chr10",16512731,16512732,"+",0.357933626865031,0,"TUTR","proximal pA"
"PTGFRN","ENSG00000134247","PAS1403_AATAAA_0.2",0.237129968150723,NA,2.23606068443769,1,0.13482407634813,0.269672380638907,0.250064389596807,0.311208036372996,0.0611436467761891,"chr1",116988600,116988601,"+",0.280636212984902,0,"TUTR","proximal pA"
"PTMS","ENSG00000159335","PAS32113_None_0.25",0.57419518468469,NA,0.603373343323938,1,0.437293829637839,0.606340394787129,0.0973406746547636,0.131390922331552,0.0340502476767884,"chr12",6770421,6770422,"+",0.114365798493158,0,"TUTR","proximal pA"
"PTP4A1","ENSG00000112245","PAS17963_AATAAA_0.2",0.000151798842333562,0.0443530906245777,8.17327905528873,1,0.0042511984025852,0.018458740344625,0.64642891928157,0.573143868193357,-0.0732850510882131,"chr6",63581454,63581455,"+",0.609786393737463,0,"TUTR","proximal pA"
"PTPRA","ENSG00000132670","PAS48720_ATTAAA_0.3",0.858349660178797,NA,0.0728422324879148,1,0.787242571121627,0.875467465891173,0.462731766053065,0.483457884619476,0.0207261185664109,"chr20",3038357,3038358,"+",0.47309482533627,0,"TUTR","proximal pA"
"PTPRE","ENSG00000132334","PAS28005_APA_0.35",0.699344302717074,NA,0.295026308057402,1,0.587017412209743,0.730222501203077,0.477786407274335,0.417453427680181,-0.0603329795941533,"chr10",128083139,128083140,"+",0.447619917477258,0,"TUTR","proximal pA"
"PTPRF","ENSG00000142949","PAS755_AATAAA_0.15",0.00134525537053576,0.333694614470117,2.31735811261751,1,0.127937150896136,0.259807450782056,0.656790484361312,0.690603175964303,0.0338126916029913,"chr1",43622907,43622908,"+",0.673696830162807,0,"TUTR","proximal pA"
"PWP1","ENSG00000136045","PAS33211_AATAAA_0.4",0.482667829952373,NA,1.4243377533594,1,0.232690747610977,0.394579710537091,0.797519684182909,0.828977570373465,0.031457886190556,"chr12",107712465,107712466,"+",0.813248627278187,0,"TUTR","proximal pA"
"PWWP3A","ENSG00000160953","PAS46031_ATTAAA_0.2",0.511378028476627,NA,0.790841863802143,1,0.373845685732224,0.546171807133867,0.682765228495406,0.742289945163943,0.0595247166685375,"chr19",1376949,1376950,"+",0.712527586829675,0,"TUTR","proximal pA"
"QPCT","ENSG00000115828","PAS5493_APA_0.25",0.920144441885974,NA,0.0251927547915329,1,0.873887702108227,0.93036049336049,0.122108222123958,0.128416078996349,0.0063078568723904,"chr2",37372997,37372998,"+",0.125262150560153,0,"TUTR","proximal pA"
"RAB5A","ENSG00000144566","PAS9283_APA_0.15",0.0431110756773423,0.278746960870763,2.59990019092675,1,0.106870445156542,0.228696777309996,0.152188781827783,0.112277726257665,-0.0399110555701173,"chr3",19984930,19984931,"+",0.132233254042724,0,"TUTR","proximal pA"
"RAB7A","ENSG00000075785","PAS10114_ATTAAA_0.25",0.00959371106654779,0.0519581919636502,7.36780707334219,1,0.00664018612357036,0.0266611360771432,0.304819592673429,0.368845875389488,0.0640262827160596,"chr3",128814095,128814096,"+",0.336832734031459,0,"TUTR","proximal pA"
"RAB8A","ENSG00000167461","PAS46398_ATTAAA_0.3",0.553479796285053,NA,0.661152684529725,1,0.416153297039854,0.586590430500393,0.908696393044774,0.937139889657048,0.0284434966122744,"chr19",16133632,16133633,"+",0.922918141350911,0,"TUTR","proximal pA"
"RAC1","ENSG00000136238","PAS20030_ATTAAA_0.3",0.147786651543049,NA,0.74004530532693,1,0.389646365590636,0.562260828945548,0.466247719564987,0.453041296585407,-0.0132064229795804,"chr7",6402692,6402693,"+",0.459644508075197,0,"TUTR","proximal pA"
"RAD23A","ENSG00000179262","PAS46329_APA_0.3",0.977305941864414,NA,0.00249256482493365,1,0.960181682557654,0.979373274440481,0.265773888611382,0.264538851140377,-0.00123503747100523,"chr19",12953120,12953121,"+",0.26515636987588,0,"TUTR","proximal pA"
"RAD50","ENSG00000113522","PAS15366_ATTAAA_0.45",0.0331930358811094,1,0.493242138716596,1,0.482484614228087,0.646228081721877,0.255757991979648,0.235893396192283,-0.0198645957873647,"chr5",132609139,132609140,"+",0.245825694085966,0,"TUTR","proximal pA"
"RAI14","ENSG00000039560","PAS14696_APA_0.15",0.000607670796925942,1,0.311615549898306,1,0.576690507358165,0.72262624672622,0.120438786094687,0.105484842237721,-0.0149539438569658,"chr5",34830782,34830783,"+",0.112961814166204,0,"TUTR","proximal pA"
"RALGPS2","ENSG00000116191","PAS1890_APA_0.3",0.590200143345161,NA,2.04230179826027,1,0.152978008358731,0.295391318382714,0.147188395827784,0.207269358518459,0.060080962690675,"chr1",178916648,178916649,"+",0.177228877173121,0,"TUTR","proximal pA"
"RAP1GDS1","ENSG00000138698","PAS13075_AATAAA_0.1",0.990879009941371,NA,0.00128473527729511,1,0.971407383325661,0.984530650492255,0.596153296189045,0.598213827060134,0.0020605308710886,"chr4",98442663,98442664,"+",0.597183561624589,0,"TUTR","proximal pA"
"RASSF8","ENSG00000123094","PAS32339_APA_0.35",0.573875938543734,NA,0.484289437494226,1,0.486485775116178,0.649229760187347,0.450040860333342,0.466500357024007,0.0164594966906648,"chr12",26071828,26071829,"+",0.458270608678675,0,"TUTR","proximal pA"
"RBAK","ENSG00000146587","PAS19994_APA_0.35",0.523812402683018,NA,0.751083466915475,1,0.386133415406633,0.558864879845013,0.53252893960655,0.590863214301574,0.0583342746950243,"chr7",5069164,5069165,"+",0.561696076954062,0,"TUTR","proximal pA"
"RBM17","ENSG00000134453","PAS26880_APA_0.2",0.0228501057380232,0,7.17267927098692,1,0.00740221406156654,0.0291012119586602,0.878935904497483,0.926613232360374,0.0476773278628906,"chr10",6115750,6115751,"+",0.902774568428928,0,"TUTR","proximal pA"
"RBM25","ENSG00000119707","PAS36909_APA_0.3",9.03958779061096e-09,1,0.179199461621465,1,0.672062115028721,0.795772911998976,0.23495284406873,0.230050216308024,-0.00490262776070616,"chr14",73103477,73103478,"+",0.232501530188377,0,"TUTR","proximal pA"
"RBM33","ENSG00000184863","PAS21170_APA_0.3",0.631080116637105,NA,0.446403319236197,1,0.504047927952331,0.663816990835452,0.49728325086941,0.441705317303836,-0.0555779335655743,"chr7",155777823,155777824,"+",0.469494284086623,0,"TUTR","proximal pA"
"RBPJ","ENSG00000168214","PAS12668_None_0.25",0.500715743237964,NA,0.545287585817277,1,0.460249602702891,0.627144301567824,0.652298823072442,0.670454528567525,0.0181557054950827,"chr4",26431130,26431131,"+",0.661376675819983,0,"TUTR","proximal pA"
"RCCD1","ENSG00000166965","PAS39021_APA_0.2",0.245716244141846,NA,2.17200732568404,1,0.140542677301462,0.278241573060083,0.839467475150371,0.898990506082286,0.0595230309319153,"chr15",90962338,90962339,"+",0.869228990616328,0,"TUTR","proximal pA"
"RCL1","ENSG00000120158","PAS24787_AATAAA_0.2",0.611107157178727,NA,0.500165972361856,1,0.479427204453315,0.643439171983394,0.723728545980372,0.781425707577587,0.0576971615972145,"chr9",4860432,4860433,"+",0.75257712677898,0,"TUTR","proximal pA"
"RELCH","ENSG00000134444","PAS45454_AATAAA_0.35",0.65085707771261,NA,0.399833560117145,1,0.527175225856918,0.683280001402,0.265595874568346,0.327606293346791,0.062010418778445,"chr18",62305966,62305967,"+",0.296601083957568,0,"TUTR","proximal pA"
"REXO2","ENSG00000076043","PAS30545_None_0.25",0.958294305580713,NA,0.00769192537700292,1,0.930112240485014,0.963198359513449,0.348269895437292,0.34492868544227,-0.00334120999502147,"chr11",114449980,114449981,"+",0.346599290439781,0,"TUTR","proximal pA"
"RHPN1","ENSG00000158106","PAS23535_ATTAAA_0.2",0.138343925367634,NA,3.31356605713336,1,0.0687102391114596,0.163967133553275,0.758819960425558,0.818497933784847,0.0596779733592897,"chr8",143382807,143382808,"+",0.788658947105203,0,"TUTR","proximal pA"
"RIF1","ENSG00000080345","PAS6398_AATAAA_0.4",0.894148606594895,NA,0.292688696389177,1,0.58850267994457,0.731370964962151,0.343100691176619,0.311602741476779,-0.0314979496998398,"chr2",151477335,151477336,"+",0.327351716326699,0,"TUTR","proximal pA"
"RIOK3","ENSG00000101782","PAS45264_AATAAA_0.4",0.966342680809035,NA,0.00511937751161895,1,0.942960171219162,0.968870170401957,0.132575150611826,0.134629548035421,0.00205439742359531,"chr18",23481476,23481477,"+",0.133602349323623,0,"TUTR","proximal pA"
"RIPK2","ENSG00000104312","PAS23103_APA_0.2",0.202689284842032,NA,2.54980374498564,1,0.110307956644318,0.2338126333829,0.803263525213974,0.854360662655684,0.05109713744171,"chr8",89790607,89790608,"+",0.828812093934829,0,"TUTR","proximal pA"
"RMND5B","ENSG00000145916","PAS15881_None_0",0.699044318018962,NA,0.295884611179702,1,0.58647397727832,0.729685999265969,0.257027580334949,0.305200721308782,0.0481731409738321,"chr5",178148265,178148266,"+",0.281114150821865,0,"TUTR","proximal pA"
"RNASEH2B","ENSG00000136104","PAS35546_APA_0.15",0.601443360701695,NA,0.130885672641853,1,0.717515504952391,0.828117894984076,0.285177822162032,0.27080278675831,-0.0143750354037219,"chr13",50953984,50953985,"+",0.277990304460171,0,"TUTR","proximal pA"
"RNF10","ENSG00000022840","PAS33406_AATAAA_0.2",0.0157326469062772,0.00936338307810664,9.74824353281292,1,0.00179494139523988,0.00893556709114637,0.899537230114842,0.851080876007513,-0.0484563541073297,"chr12",120576884,120576885,"+",0.875309053061178,0,"TUTR","proximal pA"
"RNF111","ENSG00000157450","PAS38606_AATAAA_0.15",0.261239253727251,NA,0.547145015530987,1,0.459486591361531,0.62648842657923,0.159106084274285,0.206835231869186,0.0477291475949008,"chr15",59095957,59095958,"+",0.182970658071736,0,"TUTR","proximal pA"
"RNF114","ENSG00000124226","PAS49208_ATTAAA_0.15",0.46721700140207,NA,0.942712656881668,1,0.33158119077042,0.502302938271672,0.680804671671713,0.647431236544833,-0.0333734351268806,"chr20",49952209,49952210,"+",0.664117954108273,0,"TUTR","proximal pA"
"RNF13","ENSG00000082996","PAS10305_APA_0.3",0.733955339146179,NA,0.23185144356421,1,0.63015439631324,0.764088628328754,0.767877395372126,0.747877132120065,-0.0200002632520601,"chr3",149961373,149961374,"+",0.757877263746096,0,"TUTR","proximal pA"
"RNF135","ENSG00000181481","PAS42563_AATAAA_0.2",0.8209180862979,NA,0.111706316818299,1,0.738209818529464,0.843103771153582,0.0825822251418321,0.072908721104732,-0.00967350403710016,"chr17",30999208,30999209,"+",0.0777454731232821,0,"TUTR","proximal pA"
"RNF217","ENSG00000146373","PAS18266_APA_0.1",0.724374228599955,NA,0.249331182736796,1,0.617546406401338,0.754141458943376,0.243834616178314,0.280671862868657,0.036837246690343,"chr6",125085800,125085801,"+",0.262253239523485,0,"TUTR","proximal pA"
"RPIA","ENSG00000153574","PAS5963_ATTAAA_0.35",0.530942459580056,NA,0.728020351719351,1,0.393525623095507,0.565410697789097,0.326073338811722,0.364334383468959,0.0382610446572376,"chr2",88750316,88750317,"+",0.34520386114034,0,"TUTR","proximal pA"
"RPL23A","ENSG00000198242","PAS42497_APA_0.2",0.209483964726525,NA,2.47444938585249,1,0.115709957988285,0.241187519349921,0.755686412368118,0.792750784900715,0.0370643725325969,"chr17",28723936,28723937,"+",0.774218598634417,0,"TUTR","proximal pA"
"RPP14","ENSG00000163684","PAS9739_None_0.2",0.312329282067399,NA,3.33273116522469,1,0.0679140118957653,0.162516556969399,0.21133995949789,0.269460368920244,0.0581204094223545,"chr3",58318515,58318516,"+",0.240400164209067,0,"TUTR","proximal pA"
"RPRD2","ENSG00000163125","PAS1516_None_0.25",0.589818999469598,NA,0.0955102822654226,1,0.757285486690893,0.855578749636099,0.352751547244735,0.341957849821052,-0.0107936974236827,"chr1",150473445,150473446,"+",0.347354698532894,0,"TUTR","proximal pA"
"RRM1","ENSG00000167325","PAS29409_None_0.2",0.0512832122995671,NA,0.431371656055489,1,0.511316663977352,0.670415855145419,0.360059731147973,0.336663798825714,-0.0233959323222596,"chr11",4138335,4138336,"+",0.348361764986843,0,"TUTR","proximal pA"
"RSPRY1","ENSG00000159579","PAS40633_AATAAA_0.4",0.944307826600356,NA,0.0133358101669501,1,0.908064055199758,0.951726606823007,0.583078659197101,0.567715300706472,-0.0153633584906291,"chr16",57239957,57239958,"+",0.575396979951787,0,"TUTR","proximal pA"
"RSRC1","ENSG00000174891","PAS10379_AATAAA_0.45",0.624406339357998,NA,0.810790560815121,1,0.367886624344513,0.540555061203231,0.185339806450683,0.230742485307913,0.0454026788572297,"chr3",158544531,158544532,"+",0.208041145879298,0,"TUTR","proximal pA"
"RTCA","ENSG00000137996","PAS1217_AATAAA_0.35",0.524560818559107,NA,0.748975816935854,1,0.386800687026792,0.559519490915923,0.758132038295008,0.787963065606968,0.0298310273119596,"chr1",100291769,100291770,"+",0.773047551950988,0,"TUTR","proximal pA"
"RTF1","ENSG00000137815","PAS38373_ATTAAA_0.25",0.396156615638338,NA,0.234330752824008,1,0.62833106900178,0.763514072361581,0.216956087478426,0.199748523290935,-0.0172075641874904,"chr15",41481443,41481444,"+",0.20835230538468,0,"TUTR","proximal pA"
"RUSC1","ENSG00000160753","PAS1633_AATAAA_0.3",0.48417118095818,NA,0.880997557193041,1,0.347928602086135,0.519756044722599,0.385542168676577,0.333333319181375,-0.0522088494952019,"chr1",155330728,155330729,"+",0.359437743928976,0,"TUTR","proximal pA"
"SAMD4B","ENSG00000179134","PAS46797_APA_0.35",0.621257497646934,NA,0.475144041334715,1,0.490630138942698,0.653286605756812,0.600409060622164,0.617292903588658,0.0168838429664946,"chr19",39384925,39384926,"+",0.608850982105411,0,"TUTR","proximal pA"
"SASH1","ENSG00000111961","PAS18402_None_0.15",0.950275369781096,NA,0.0109716448787367,1,0.91657766163283,0.956643014984602,0.706067217520966,0.70992160297418,0.00385438545321393,"chr6",148549081,148549082,"+",0.707994410247573,0,"TUTR","proximal pA"
"SCCPDH","ENSG00000143653","PAS2515_ATTAAA_0.25",0.164149744088907,NA,2.98194964912636,1,0.0841977932237426,0.192146553674815,0.795065120389229,0.727397527994504,-0.0676675923947258,"chr1",246767467,246767468,"+",0.761231324191866,0,"TUTR","proximal pA"
"SCD","ENSG00000099194","PAS27682_AATAAA_0.2",0.107006087573658,NA,2.54864959804399,1,0.110388570449101,0.2338126333829,0.358416072324762,0.341746435081656,-0.0166696372431059,"chr10",100363618,100363619,"+",0.350081253703209,0,"TUTR","proximal pA"
"SCPEP1","ENSG00000121064","PAS43103_AATAAA_0.25",0.783015345407701,NA,0.158298854175428,1,0.690727573767548,0.809264680981844,0.146181558962001,0.125415572333264,-0.0207659866287365,"chr17",57006485,57006486,"+",0.135798565647633,0,"TUTR","proximal pA"
"SEC61A2","ENSG00000065665","PAS26936_AATAAA_0.2",0.690446821271658,NA,0.312358531275322,1,0.57623648975968,0.72247475105913,0.190837740490357,0.148442091375834,-0.042395649114523,"chr10",12164826,12164827,"+",0.169639915933095,0,"TUTR","proximal pA"
"SELENOT","ENSG00000198843","PAS10319_AATAAA_0.35",0.941769455929868,NA,0.014471338654289,1,0.904247977815016,0.949255376508181,0.20488325463997,0.195263690293503,-0.00961956434646677,"chr3",150630036,150630037,"+",0.200073472466736,0,"TUTR","proximal pA"
"SENP5","ENSG00000119231","PAS10728_AATAAA_0.2",0.992337609818872,NA,0.000414630019236029,1,0.983754225477122,0.991679737867673,0.127376174185763,0.128562272640778,0.00118609845501461,"chr3",196933510,196933511,"+",0.127969223413271,0,"TUTR","proximal pA"
"SENP6","ENSG00000112701","PAS18029_AATAAA_0.3",0.00170490178892752,1,0.573225387011917,1,0.448980072615342,0.616761077266278,0.236255045191626,0.261692284322769,0.0254372391311438,"chr6",75715680,75715681,"+",0.248973664757197,0,"TUTR","proximal pA"
"SEPTIN2","ENSG00000168385","PAS7232_APA_0.25",0.00333827625370238,1,0.57018217458517,1,0.450186534141013,0.617896568798333,0.184294245351685,0.165463194832519,-0.0188310505191655,"chr2",241353738,241353739,"+",0.174878720092102,0,"TUTR","proximal pA"
"SET","ENSG00000119335","PAS25572_AATAAA_0.15",0.3116298853744,NA,2.59570081007041,1,0.107154032861071,0.22908544690392,0.29671270487433,0.328219057934118,0.0315063530597882,"chr9",128695534,128695535,"+",0.312465881404224,0,"TUTR","proximal pA"
"SETD5","ENSG00000168137","PAS9133_APA_0.2",0.979909519663442,NA,0.00204098017184151,1,0.963966060645138,0.981310361196526,0.52363373163464,0.525250064551933,0.00161633291729324,"chr3",9476316,9476317,"+",0.524441898093287,0,"TUTR","proximal pA"
"SGMS2","ENSG00000164023","PAS13120_AATAAA_0.4",0.4806216813581,NA,0.893703682289811,1,0.344475614757286,0.516733276638221,0.0873845858902776,0.153009407858286,0.0656248219680089,"chr4",107910951,107910952,"+",0.120196996874282,0,"TUTR","proximal pA"
"SH2B3","ENSG00000111252","PAS33264_AATAAA_0.3",0.23295007531982,NA,2.26967817543982,1,0.131927295472113,0.265302101062991,0.125392676825698,0.0714148305274955,-0.0539778462982023,"chr12",111449201,111449202,"+",0.0984037536765967,0,"TUTR","proximal pA"
"SH3BGRL","ENSG00000131171","PAS52148_ATTAAA_0.3",0.691253788505456,NA,0.310550542621286,1,0.577342546761753,0.722955981621507,0.151798982675131,0.175089470656006,0.023290487980875,"chrX",81297593,81297594,"+",0.163444226665569,0,"TUTR","proximal pA"
"SIRT1","ENSG00000096717","PAS27281_AATAAA_0.3",0.373186495073802,NA,1.34372674246515,1,0.246377817461115,0.410514025431955,0.123904920923126,0.175010693362381,0.0511057724392553,"chr10",67917361,67917362,"+",0.149457807142753,0,"TUTR","proximal pA"
"SIRT5","ENSG00000124523","PAS17361_AATAAA_0.4",0.523812402683018,NA,0.0193430847311902,1,0.889387391577211,0.93907783295384,0.751728271959951,0.757901522560616,0.00617325060066554,"chr6",13612287,13612288,"+",0.754814897260284,0,"TUTR","proximal pA"
"SLC25A33","ENSG00000171612","PAS144_AATAAA_0.2",0.851393963801465,NA,0.0790567901879058,1,0.778579711578144,0.869073407683172,0.189818434993383,0.170316248366089,-0.019502186627294,"chr1",9582549,9582550,"+",0.180067341679736,0,"TUTR","proximal pA"
"SLC25A4","ENSG00000151729","PAS13453_None_0.2",0.869291272199548,NA,0.0631266500555512,1,0.80162069491655,0.885488811903523,0.239682867841665,0.226065967749047,-0.0136169000926182,"chr4",185147021,185147022,"+",0.232874417795356,0,"TUTR","proximal pA"
"SLC26A2","ENSG00000155850","PAS15651_AATAAA_0.45",0.936962918739664,NA,0.0167276801074649,1,0.897092156240104,0.94456349455073,0.522154916735076,0.512197358455309,-0.00995755827976741,"chr5",149986209,149986210,"+",0.517176137595192,0,"TUTR","proximal pA"
"SLC35C1","ENSG00000181830","PAS29794_None_0.2",0.908096866576181,NA,0.0322313891168733,1,0.857520758237457,0.919672976603147,0.640258073727097,0.624154109754064,-0.0161039639730334,"chr11",45811557,45811558,"+",0.63220609174058,0,"TUTR","proximal pA"
"SLC44A2","ENSG00000129353","PAS46250_ATTAAA_0.15",0.839819453355145,NA,0.231519123529324,1,0.630399701978895,0.764243648393084,0.226941942275601,0.206122346577146,-0.0208195956984552,"chr19",10643911,10643912,"+",0.216532144426373,0,"TUTR","proximal pA"
"SLC9A8","ENSG00000197818","PAS49205_APA_0.1",0.908947638629729,NA,0.0312358598939113,1,0.859715214935486,0.920687102389236,0.300437928161429,0.28442912419431,-0.0160088039671183,"chr20",49890393,49890394,"+",0.29243352617787,0,"TUTR","proximal pA"
"SLMAP","ENSG00000163681","PAS9727_AATAAA_0.25",0.292696460422926,NA,1.56110353113672,1,0.2115037152303,0.369982235017058,0.80873634281669,0.760800362902157,-0.0479359799145324,"chr3",57929166,57929167,"+",0.784768352859424,0,"TUTR","proximal pA"
"SMAD4","ENSG00000141646","PAS45399_AATAAA_0.35",0.982930029757605,NA,0.00147176157088325,1,0.969397826594484,0.983914976793856,0.520655609236645,0.518826748767366,-0.00182886046927877,"chr18",51079775,51079776,"+",0.519741179002006,0,"TUTR","proximal pA"
"SMAD5","ENSG00000113658","PAS15442_APA_0.1",0.00841873244771399,0.9342292909727,2.4252626329635,1,0.119393230204966,0.246887669578456,0.266646474011193,0.318924193303434,0.0522777192922412,"chr5",136179501,136179502,"+",0.292785333657313,1,"TUTR","proximal pA"
"SMARCA5","ENSG00000153147","PAS13289_AATAAA_0.25",0.272175776576384,NA,1.96576372469644,1,0.160898237550578,0.305525866809525,0.556046922121409,0.62089580263124,0.0648488805098314,"chr4",143553412,143553413,"+",0.588471362376324,0,"TUTR","proximal pA"
"SMIM19","ENSG00000176209","PAS22851_APA_0.15",0.559174377609019,NA,0.64447972752896,1,0.422093263027725,0.591798257579095,0.109977366367345,0.138410836804605,0.0284334704372599,"chr8",42552723,42552724,"+",0.124194101585975,0,"TUTR","proximal pA"
"SMIM20","ENSG00000250317","PAS12665_AATAAA_0.25",0.721369401838498,NA,0.255816207534735,1,0.613009157424408,0.7514450568083,0.165730143986401,0.192059001586573,0.0263288576001723,"chr4",25929348,25929349,"+",0.178894572786487,0,"TUTR","proximal pA"
"SNAP29","ENSG00000099940","PAS50731_APA_0.25",0.79340267650603,NA,0.144818838189167,1,0.70353666621342,0.818228517219956,0.828483731733881,0.846456181052925,0.0179724493190436,"chr22",20887973,20887974,"+",0.837469956393403,0,"TUTR","proximal pA"
"SNRNP48","ENSG00000168566","PAS17314_ATTAAA_0.45",0.715793170669697,NA,0.265966854509088,1,0.606050162650876,0.746053426031203,0.253685808822802,0.213711537826896,-0.0399742709959062,"chr6",7609210,7609211,"+",0.233698673324849,0,"TUTR","proximal pA"
"SNX1","ENSG00000028528","PAS38660_AATAAA_0.35",0.108918761972717,NA,3.82213887698708,1,0.0505796327800928,0.130206283158723,0.791726393965286,0.848344338185092,0.0566179442198065,"chr15",64138002,64138003,"+",0.820035366075189,0,"TUTR","proximal pA"
"SNX10","ENSG00000086300","PAS20196_ATTAAA_0.25",0.421303587282624,NA,1.12612860126592,1,0.288602624246169,0.457106371630559,0.235472355468978,0.272414425919522,0.0369420704505445,"chr7",26374015,26374016,"+",0.25394339069425,0,"TUTR","proximal pA"
"SNX11","ENSG00000002919","PAS42992_AATAAA_0.25",0.558538304708068,NA,0.647751306137138,1,0.420917795369175,0.591385141725012,0.900442607898727,0.937049777772915,0.0366071698741887,"chr17",48122742,48122743,"+",0.918746192835821,0,"TUTR","proximal pA"
"SOBP","ENSG00000112320","PAS18169_APA_0.3",0.593915871847651,NA,0.548325830636713,1,0.459002566790894,0.626297619969582,0.677589297969415,0.74273992446137,0.0651506264919555,"chr6",107659545,107659546,"+",0.710164611215393,0,"TUTR","proximal pA"
"SOCS7","ENSG00000274211","PAS42702_None_0.2",0.142697093695059,NA,3.25445796130225,1,0.0712294837739417,0.168866691993132,0.0743803888965993,0.145038167979611,0.0706577790830116,"chr17",38399763,38399764,"+",0.109709278438105,0,"TUTR","proximal pA"
"SOX12","ENSG00000177732","PAS48673_AATAAA_0.05",0.424265509337172,NA,1.11219592534235,1,0.291605100806421,0.459648186074028,0.92462168463081,0.899085498328291,-0.0255361863025185,"chr20",328727,328728,"+",0.91185359147955,0,"TUTR","proximal pA"
"SOX4","ENSG00000124766","PAS17417_APA_0.2",0.923128003844114,NA,0.214566244246271,1,0.643211729161742,0.774580254634625,0.439364595933017,0.422712177315719,-0.0166524186172974,"chr6",21596078,21596079,"+",0.431038386624368,0,"TUTR","proximal pA"
"SP1","ENSG00000185591","PAS32640_None_0.15",0.623201751440408,NA,0.953272293028476,1,0.328887759629409,0.499803388538772,0.572334621361805,0.629605429537039,0.0572708081752342,"chr12",53415719,53415720,"+",0.600970025449422,0,"TUTR","proximal pA"
"SP4","ENSG00000105866","PAS20126_APA_0.25",0.848632397920311,NA,0.0822402591268201,1,0.774284127764589,0.866881128331808,0.659196960313954,0.675342240675651,0.0161452803616974,"chr7",21514506,21514507,"+",0.667269600494802,0,"TUTR","proximal pA"
"SPATS2","ENSG00000123352","PAS32537_APA_0.2",0.581907346357869,NA,0.580591889656716,1,0.446080412570957,0.61426924960697,0.397933390582289,0.4449647438436,0.0470313532613109,"chr12",49526362,49526363,"+",0.421449067212944,0,"TUTR","proximal pA"
"SPECC1L","ENSG00000100014","PAS50786_ATTAAA_0.15",0.708627761668406,NA,0.279728529190379,1,0.596879203507932,0.738887849624117,0.729507102419283,0.678452613009211,-0.0510544894100717,"chr22",24417250,24417251,"+",0.703979857714247,0,"TUTR","proximal pA"
"SPINT1","ENSG00000166145","PAS38341_None_0.2",0.40325167167767,NA,1.5603985486855,1,0.211606874624135,0.370063198425462,0.0978146765427548,0.149862645393734,0.0520479688509793,"chr15",40857405,40857406,"+",0.123838660968244,0,"TUTR","proximal pA"
"SPRED1","ENSG00000166068","PAS38281_ATTAAA_0.25",0.340785334458078,NA,2.1492819506675,1,0.142636584504832,0.280848823447023,0.549645052341224,0.622516274207374,0.0728712218661499,"chr15",38354048,38354049,"+",0.586080663274299,0,"TUTR","proximal pA"
"SRD5A1","ENSG00000145545","PAS14570_AATAAA_0.25",0.812335683685071,NA,0.514707239260815,1,0.47310819756613,0.637588750510361,0.238434816797562,0.310597330725193,0.072162513927631,"chr5",6668629,6668630,"+",0.274516073761377,0,"TUTR","proximal pA"
"SREBF2","ENSG00000198911","PAS51097_AATAAA_0.1",0.611107157178727,NA,0.500246165004683,1,0.479391979392897,0.643439171983394,0.248795446971338,0.223543467344738,-0.0252519796266005,"chr22",41906368,41906369,"+",0.236169457158038,0,"TUTR","proximal pA"
"SRPRB","ENSG00000144867","PAS10178_APA_0.15",0.643969690414624,NA,0.992000310978256,1,0.319253971986585,0.489623092217022,0.361796535850768,0.320731631855534,-0.0410649039952349,"chr3",133819908,133819909,"+",0.341264083853151,0,"TUTR","proximal pA"
"SRSF5","ENSG00000100650","PAS36869_None_0.25",0.255540510686003,NA,2.65332598552232,1,0.103333489795034,0.223665785546038,0.449947545813037,0.39938317620183,-0.0505643696112065,"chr14",69771208,69771209,"+",0.424665361007433,0,"TUTR","proximal pA"
"STAG2","ENSG00000101972","PAS52333_APA_0.35",0.838078961612126,NA,0.0315003040968804,1,0.859128820787978,0.920516879377478,0.786932520116216,0.792223842877247,0.00529132276103084,"chrX",124100905,124100906,"+",0.789578181496732,0,"TUTR","proximal pA"
"STK16","ENSG00000115661","PAS6997_AATAAA_0.2",0.576139077754489,NA,0.598264497275522,1,0.439240966159911,0.608327234210188,0.926966640447547,0.900340186183971,-0.0266264542635761,"chr2",219248903,219248904,"+",0.913653413315759,0,"TUTR","proximal pA"
"STK4","ENSG00000101109","PAS49123_None_0.15",1,NA,2.79695977951633e-05,1,0.995780304160988,0.99954405261084,0.694173319244561,0.694315063645344,0.00014174440078385,"chr20",45079064,45079065,"+",0.694244191444953,0,"TUTR","proximal pA"
"STT3A","ENSG00000134910","PAS30682_ATTAAA_0.35",0.0415832722360294,0,5.88247571075681,1,0.0152923047459574,0.0515941824369054,0.901445875921605,0.830969140071644,-0.0704767358499617,"chr11",125621056,125621057,"+",0.866207507996624,0,"TUTR","proximal pA"
"SUFU","ENSG00000107882","PAS27749_None_0.2",0.514291715422554,NA,0.781946471241213,1,0.376546500027777,0.549204170013614,0.218892002799737,0.159770197283289,-0.0591218055164487,"chr10",102630752,102630753,"+",0.189331100041513,0,"TUTR","proximal pA"
"SUPT6H","ENSG00000109111","PAS42489_APA_0.1",0.983296917616823,NA,0.00137922919293487,1,0.97037499316754,0.984215883580927,0.193230037531913,0.194271347278703,0.00104130974679015,"chr17",28701731,28701732,"+",0.193750692405308,0,"TUTR","proximal pA"
"SYAP1","ENSG00000169895","PAS51783_ATTAAA_0.45",0.175092715126326,NA,2.88642390111272,1,0.0893290042810971,0.201427539890819,0.706902134801365,0.765056439329267,0.0581543045279026,"chrX",16760431,16760432,"+",0.735979287065316,0,"TUTR","proximal pA"
"SYS1","ENSG00000204070","PAS49129_None_0.15",0.90590570178967,NA,0.238903976724032,1,0.6249988435286,0.760814775569474,0.298117383026757,0.279549087393862,-0.0185682956328944,"chr20",45367466,45367467,"+",0.28883323521031,0,"TUTR","proximal pA"
"SZRD1","ENSG00000055070","PAS271_AATAAA_0.3",0.0902590508242504,NA,6.04582589865277,1,0.0139392110564461,0.0478983241292666,0.160044679633281,0.234282855178751,0.0742381755454698,"chr1",16396365,16396366,"+",0.197163767406016,0,"TUTR","proximal pA"
"TACC1","ENSG00000147526","PAS22813_AATAAA_0.35",0.647047292367226,NA,0.409546393836763,1,0.522199827736504,0.679538635833512,0.120350870077419,0.151418638728936,0.0310677686515174,"chr8",38850502,38850503,"+",0.135884754403178,0,"TUTR","proximal pA"
"TADA2B","ENSG00000173011","PAS12569_ATTAAA_0.45",0.831570387687014,NA,0.099753697592007,1,0.752125406969315,0.852264709238217,0.685350904206708,0.717575122754936,0.0322242185482281,"chr4",7056517,7056518,"+",0.701463013480822,0,"TUTR","proximal pA"
"TAOK1","ENSG00000160551","PAS42511_APA_0.35",0.625903414653458,NA,0.855720735124123,1,0.354938990828662,0.527383088336764,0.472773612143184,0.509245327398372,0.0364717152551887,"chr17",29550989,29550990,"+",0.491009469770778,0,"TUTR","proximal pA"
"TATDN3","ENSG00000203705","PAS2215_AATAAA_0.2",0.907753712518793,NA,0.00133037888645049,1,0.970904123414518,0.984318549916475,0.68845748159652,0.687221471140352,-0.0012360104561675,"chr1",212815323,212815324,"+",0.687839476368436,0,"TUTR","proximal pA"
"TBC1D14","ENSG00000132405","PAS12565_ATTAAA_0.3",0.545358942015807,NA,0.684105428770181,1,0.408176609086617,0.578878265010686,0.19379833740629,0.232959078730781,0.0391607413244908,"chr4",7030716,7030717,"+",0.213378708068535,0,"TUTR","proximal pA"
"TBC1D22A","ENSG00000054611","PAS51192_AATAAA_0.4",0.694399756364442,NA,0.304879953392629,1,0.58083917876959,0.725867687825667,0.884533752444928,0.911951702659473,0.0274179502145447,"chr22",47174078,47174079,"+",0.898242727552201,0,"TUTR","proximal pA"
"TBC1D23","ENSG00000036054","PAS9879_APA_0.05",0.721335619607123,NA,0.257132480317978,1,0.612097058940713,0.751294003774379,0.49983103302679,0.522767436965556,0.0229364039387667,"chr3",100323844,100323845,"+",0.511299234996173,0,"TUTR","proximal pA"
"TBC1D25","ENSG00000068354","PAS51941_None_0.15",0.896375380444898,NA,0.0410990193630028,1,0.839346909223435,0.909822684691758,0.708004484059489,0.68838081345602,-0.0196236706034693,"chrX",48561211,48561212,"+",0.698192648757755,0,"TUTR","proximal pA"
"TBL1X","ENSG00000101849","PAS51738_APA_0.25",0.65085707771261,NA,0.399985377849134,1,0.527096808448377,0.683280001402,0.57287126991283,0.603976936752621,0.0311056668397911,"chrX",9719433,9719434,"+",0.588424103332725,0,"TUTR","proximal pA"
"TBPL1","ENSG00000028839","PAS18315_AATAAA_0.25",0.153762462283338,NA,3.10869104000835,1,0.0778755232423746,0.18064067450143,0.868818164242606,0.92923046425972,0.0604123000171137,"chr6",133987488,133987489,"+",0.899024314251163,0,"TUTR","proximal pA"
"TCEAL9","ENSG00000185222","PAS52222_AATAAA_0.4",0.684388850305124,NA,0.325012239306034,1,0.568610928403277,0.716920260760764,0.0994216397774015,0.117283379491648,0.0178617397142462,"chrX",103358208,103358209,"+",0.108352509634525,0,"TUTR","proximal pA"
"TCHP","ENSG00000139437","PAS33235_ATTAAA_0.4",0.957910592628004,NA,0.00797608783585702,1,0.928836384601396,0.962987197498564,0.265307840827257,0.25734169868963,-0.00796614213762636,"chr12",109917854,109917855,"+",0.261324769758444,0,"TUTR","proximal pA"
"TCP11L1","ENSG00000176148","PAS29673_ATTAAA_0.25",0.653339930489675,NA,0.39360061912015,1,0.530412809650775,0.685904987775567,0.6655172045175,0.722655769564417,0.0571385650469175,"chr11",33072612,33072613,"+",0.694086487040959,0,"TUTR","proximal pA"
"TEAD1","ENSG00000187079","PAS29516_APA_0.3",0.86999158227569,NA,0.192602198427267,1,0.660759597876397,0.787116866272936,0.255010916331521,0.269951707702002,0.0149407913704809,"chr11",12938006,12938007,"+",0.262481312016761,0,"TUTR","proximal pA"
"TFG","ENSG00000114354","PAS9893_APA_0.35",0.0321568934257158,0,6.42557073836542,1,0.0112488757352785,0.0404257442538469,0.140259760287986,0.0973141261379001,-0.0429456341500856,"chr3",100748726,100748727,"+",0.118786943212943,0,"TUTR","proximal pA"
"TGIF2","ENSG00000118707","PAS49045_None_0.25",0.632280123190914,NA,0.443025391565016,1,0.505665830687101,0.665476279806963,0.420607574159993,0.463245093736743,0.0426375195767499,"chr20",36592246,36592247,"+",0.441926333948368,0,"TUTR","proximal pA"
"THG1L","ENSG00000113272","PAS15717_APA_0.3",0.822586710260261,NA,0.109177035939183,1,0.741083020778904,0.845124296678283,0.838715384385393,0.852333827772223,0.0136184433868296,"chr5",157739762,157739763,"+",0.845524606078808,0,"TUTR","proximal pA"
"THUMPD3","ENSG00000134077","PAS9127_None_0.2",0.765371759550668,NA,0.535089582266323,1,0.464474917909752,0.630327678252123,0.550725768881478,0.496509986994272,-0.054215781887205,"chr3",9384869,9384870,"+",0.523617877937875,0,"TUTR","proximal pA"
"TIGAR","ENSG00000078237","PAS32076_APA_0.3",0.7243065009668,NA,0.249745874690575,1,0.617254071740298,0.754060738357094,0.681004057263624,0.730180345505111,0.0491762882414866,"chr12",4358265,4358266,"+",0.705592201384368,0,"TUTR","proximal pA"
"TIMM22","ENSG00000177370","PAS42113_APA_0.25",0.908947638629729,NA,0.031179304716261,1,0.859840955608223,0.920687102389236,0.31044818340965,0.299499767465525,-0.010948415944125,"chr17",1001631,1001632,"+",0.304973975437588,0,"TUTR","proximal pA"
"TIPARP","ENSG00000163659","PAS10365_APA_0.3",0.181681539636391,NA,2.76832960533193,1,0.0961464468205099,0.212037941737564,0.221592501581179,0.288406368658776,0.066813867077597,"chr3",156705307,156705308,"+",0.254999435119977,0,"TUTR","proximal pA"
"TLNRD1","ENSG00000140406","PAS38911_ATTAAA_0.3",0.508731664002013,NA,0.801056338468698,1,0.370777729249694,0.542920061969874,0.0981008409453842,0.064520270208554,-0.0335805707368302,"chr15",81003754,81003755,"+",0.0813105555769691,0,"TUTR","proximal pA"
"TMBIM6","ENSG00000139644","PAS32543_APA_0.25",0.0673613156411539,NA,4.84521345118264,1,0.0277229611514386,0.0817676549101701,0.21150566488733,0.244888080156826,0.0333824152694962,"chr12",49763000,49763001,"+",0.228196872522078,0,"TUTR","proximal pA"
"TMEM164","ENSG00000157600","PAS52265_AATAAA_0.35",0.678856211661062,NA,0.335472132780126,1,0.562454526244209,0.711781343195654,0.311437357900536,0.383945799103169,0.0725084412026326,"chrX",110177196,110177197,"+",0.347691578501853,0,"TUTR","proximal pA"
"TMEM165","ENSG00000134851","PAS12849_APA_0.3",0.529997495123873,NA,0.730940661555906,1,0.39257845331349,0.564364053576045,0.194058824314712,0.236949057337744,0.042890233023032,"chr4",55425635,55425636,"+",0.215503940826228,0,"TUTR","proximal pA"
"TMEM167B","ENSG00000215717","PAS1275_APA_0.3",0.789744921378515,NA,0.149920544491124,1,0.698611300387893,0.814609126646337,0.176183471339294,0.189257921194658,0.0130744498553638,"chr1",109094795,109094796,"+",0.182720696266976,0,"TUTR","proximal pA"
"TMEM181","ENSG00000146433","PAS18492_APA_0.25",0.240281560852509,NA,3.79025815536261,1,0.051551696985061,0.13208155795759,0.525282439451501,0.597375208528782,0.0720927690772806,"chr6",158635040,158635041,"+",0.561328823990142,0,"TUTR","proximal pA"
"TMEM183A","ENSG00000163444","PAS2090_APA_0.05",0.581789589177206,NA,0.115889216205915,1,0.733536455123362,0.839904081875963,0.287843064104408,0.26423741381128,-0.0236056502931278,"chr1",203023257,203023258,"+",0.276040238957844,0,"TUTR","proximal pA"
"TMEM260","ENSG00000070269","PAS36684_APA_0.2",0.981329929115897,NA,0.00174401509502786,1,0.966688901095653,0.98236827484294,0.775710431367284,0.779436607183768,0.00372617581648393,"chr14",56648093,56648094,"+",0.777573519275526,0,"TUTR","proximal pA"
"TMEM92","ENSG00000167105","PAS43043_APA_0.2",0.838190196957387,NA,0.09286936057606,1,0.760560566701008,0.857640784617003,0.894946647602156,0.881612940243067,-0.0133337073590895,"chr17",50279790,50279791,"+",0.888279793922612,0,"TUTR","proximal pA"
"TMEM94","ENSG00000177728","PAS43381_ATTAAA_0.2",0.817456138533904,NA,0.115557996712596,1,0.733903049697522,0.840102074746117,0.845879709378973,0.855608943074283,0.00972923369530987,"chr17",75500084,75500085,"+",0.850744326226628,0,"TUTR","proximal pA"
"TMEM97","ENSG00000109084","PAS42474_APA_0.25",0.49679484993263,NA,1.90200724101942,1,0.167853816898329,0.314682397941627,0.453158543879233,0.524672064764366,0.0715135208851334,"chr17",28326871,28326872,"+",0.4889153043218,0,"TUTR","proximal pA"
"TMT1B","ENSG00000170439","PAS32676_None_0.2",0.582381266764439,NA,0.578154501743938,1,0.447036607834997,0.6149552012649,0.20024722150258,0.151941703588922,-0.048305517913658,"chr12",55684391,55684392,"+",0.176094462545751,0,"TUTR","proximal pA"
"TMTC3","ENSG00000139324","PAS33049_ATTAAA_0.15",0.119890254652811,NA,0.0925772041082382,1,0.760925990401418,0.857978503863933,0.353293341454246,0.33606505041006,-0.0172282910441857,"chr12",88199029,88199030,"+",0.344679195932153,0,"TUTR","proximal pA"
"TNFAIP1","ENSG00000109079","PAS42479_AATAAA_0.2",0.624305089254868,NA,0.46650454562166,1,0.494599651437211,0.656891739554517,0.146684218160565,0.181811510312341,0.035127292151776,"chr17",28345313,28345314,"+",0.164247864236453,0,"TUTR","proximal pA"
"TNRC6A","ENSG00000090905","PAS40403_APA_0.25",0.0105050454265749,0.0552032442558598,5.3131793659777,1,0.02116469815233,0.0663014484969357,0.742109061540113,0.797849462884016,0.0557404013439028,"chr16",24824898,24824899,"+",0.769979262212065,0,"TUTR","proximal pA"
"TNRC6C","ENSG00000078687","PAS43439_ATTAAA_0.4",0.595885668158314,NA,0.542508461915304,1,0.46139499378466,0.627784121235458,0.734087306081773,0.683796132435286,-0.0502911736464874,"chr17",78106702,78106703,"+",0.708941719258529,0,"TUTR","proximal pA"
"TOMM22","ENSG00000100216","PAS51005_None_0.2",0.192428305283353,NA,2.24993359320797,1,0.133620136573912,0.267939539775302,0.103174444326104,0.128882195337593,0.0257077510114888,"chr22",38683903,38683904,"+",0.116028319831849,0,"TUTR","proximal pA"
"TOR1AIP1","ENSG00000143337","PAS1911_APA_0.35",0.950901527870468,NA,0.097720918580535,1,0.754581954708672,0.853561802557715,0.144084576167146,0.157549592329384,0.013465016162238,"chr1",179918397,179918398,"+",0.150817084248265,0,"TUTR","proximal pA"
"TOX4","ENSG00000092203","PAS36375_ATTAAA_0.3",0.468655314819867,NA,1.32836120110005,1,0.249096971155506,0.413825977996503,0.703821656050955,0.654053558751613,-0.0497680972993418,"chr14",21496965,21496966,"+",0.678937607401284,0,"TUTR","proximal pA"
"TPM4","ENSG00000167460","PAS46396_APA_0.35",0.585425904228916,NA,1.53470371497315,1,0.21540787142006,0.374997007463443,0.150650122663144,0.174918965803514,0.02426884314037,"chr19",16102191,16102192,"+",0.162784544233329,0,"TUTR","proximal pA"
"TPX2","ENSG00000088325","PAS48918_AATAAA_0.45",0.471943482382526,NA,0.925666692433879,1,0.33599146962277,0.507163553439405,0.0907318709311445,0.110625228191414,0.019893357260269,"chr20",31801491,31801492,"+",0.100678549561279,0,"TUTR","proximal pA"
"TRABD","ENSG00000170638","PAS51211_AATAAA_0.15",0.0349704063943019,0,6.25055463255421,1,0.012415442570526,0.0437127040503938,0.0540624073118296,0.113514572134033,0.0594521648222032,"chr22",50198709,50198710,"+",0.0837884897229313,0,"TUTR","proximal pA"
"TRIM13","ENSG00000204977","PAS35537_APA_0.2",0.671856418232261,NA,0.353439823272311,1,0.552172358747415,0.704452833762756,0.70650841246115,0.739786291133723,0.0332778786725729,"chr13",50013169,50013170,"+",0.723147351797437,0,"TUTR","proximal pA"
"TRIM24","ENSG00000122779","PAS21026_APA_0.2",0.981329929115897,NA,0.00174950719167555,1,0.966636522686271,0.98236827484294,0.354616824990329,0.358954846685647,0.00433802169531772,"chr7",138585345,138585346,"+",0.356785835837988,0,"TUTR","proximal pA"
"TRIM44","ENSG00000166326","PAS29738_None_0.25",0.151072677024274,NA,7.20252356471246,1,0.00728011370106631,0.0287427547305752,0.53609305669489,0.591555280070863,0.0554622233759728,"chr11",35808224,35808225,"+",0.563824168382876,0,"TUTR","proximal pA"
"TRIOBP","ENSG00000100106","PAS50971_None_0.15",0.788147828875506,NA,0.558276883592953,1,0.454955346631379,0.622079849292227,0.591056994127966,0.615797781416043,0.0247407872880773,"chr22",37774139,37774140,"+",0.603427387772005,0,"TUTR","proximal pA"
"TRMT61A","ENSG00000166166","PAS37199_None_0.1",0.79085654472807,NA,0.147828670903721,1,0.700619054121843,0.815706875842263,0.177406144065531,0.148887441774581,-0.0285187022909499,"chr14",103535082,103535083,"+",0.163146792920056,0,"TUTR","proximal pA"
"TRNAU1AP","ENSG00000180098","PAS497_APA_0.35",0.542760835259605,NA,0.693166754448498,1,0.405089334284286,0.576679521610482,0.922037334919568,0.882031959719465,-0.0400053752001032,"chr1",28577758,28577759,"+",0.902034647319517,0,"TUTR","proximal pA"
"TRNP1","ENSG00000253368","PAS452_None_0.25",0.989739960520508,NA,0.00660746174662563,1,0.935214272966948,0.965178143584214,0.100190906011749,0.097267560638294,-0.00292334537345547,"chr1",27000263,27000264,"+",0.0987292333250217,0,"TUTR","proximal pA"
"TSPAN14","ENSG00000108219","PAS27474_APA_0.15",0.350621428769826,NA,1.8002170631662,1,0.179686255215949,0.329559240421435,0.361110722663907,0.323394243479023,-0.0377164791848832,"chr10",80519627,80519628,"+",0.342252483071465,0,"TUTR","proximal pA"
"TSPAN9","ENSG00000011105","PAS32070_None_0.25",0.62508235703888,NA,0.463489252992986,1,0.495997765159762,0.657808695273541,0.141735946167876,0.183917253023452,0.0421813068555765,"chr12",3283670,3283671,"+",0.162826599595664,0,"TUTR","proximal pA"
"TSR2","ENSG00000158526","PAS51988_AATAAA_0.15",0.813457911417173,NA,0.119759580035861,1,0.729295390753235,0.836741396567788,0.820203602923846,0.80105504343988,-0.0191485594839665,"chrX",54445294,54445295,"+",0.810629323181863,0,"TUTR","proximal pA"
"TTC1","ENSG00000113312","PAS15733_APA_0.15",0.150671775663282,NA,3.15067135477966,1,0.0758957311808415,0.177453773789344,0.055455165682029,0.0982043041818186,0.0427491384997896,"chr5",160065091,160065092,"+",0.0768297349319238,0,"TUTR","proximal pA"
"TTC7A","ENSG00000068724","PAS5587_APA_0.1",0.760292543300327,NA,0.00374148516414152,1,0.951225668571118,0.973553000255804,0.42206715477825,0.414326401372243,-0.00774075340600705,"chr2",47074047,47074048,"+",0.418196778075247,0,"TUTR","proximal pA"
"TTL","ENSG00000114999","PAS6172_None_0.1",0.663220135647906,NA,0.00716972756185896,1,0.932520372888009,0.964034350267652,0.108727660325701,0.104734442929843,-0.00399321739585812,"chr2",112528963,112528964,"+",0.106731051627772,0,"TUTR","proximal pA"
"TUBB","ENSG00000196230","PAS17581_AATAAA_0.1",0.156428714531988,NA,3.07402683873806,1,0.0795521914954082,0.183418261504207,0.680340543421348,0.652279336869657,-0.028061206551691,"chr6",30724575,30724576,"+",0.666309940145502,0,"TUTR","proximal pA"
"TUG1","ENSG00000253352","PAS50890_APA_0.15",0.892172658185207,NA,0.0459862937623257,1,0.830200715094745,0.904807529776208,0.603674792352062,0.597850924467789,-0.00582386788427347,"chr22",30976080,30976081,"+",0.600762858409925,0,"TUTR","proximal pA"
"TWSG1","ENSG00000128791","PAS45171_AATAAA_0.3",0.520323935883872,NA,0.762707341528085,1,0.382482592835788,0.555372236171848,0.206872579017879,0.267952531548762,0.0610799525308822,"chr18",9400791,9400792,"+",0.237412555283321,0,"TUTR","proximal pA"
"TXLNG","ENSG00000086712","PAS51796_AATAAA_0.2",0.606397856834106,NA,0.512138076154542,1,0.474214761216325,0.638550981758133,0.183116148997904,0.139806015778776,-0.0433101332191275,"chrX",16843220,16843221,"+",0.16146108238834,0,"TUTR","proximal pA"
"UBALD2","ENSG00000185262","PAS43405_None_0.1",0.676042085466599,NA,0.341827385007491,1,0.558776315125727,0.709017328771451,0.307332767540551,0.292040362363499,-0.0152924051770518,"chr17",76270704,76270705,"+",0.299686564952025,0,"TUTR","proximal pA"
"UBE2B","ENSG00000119048","PAS15391_APA_0.3",0.144704923931438,NA,3.22814474456482,1,0.0723826465556089,0.170915510729112,0.849977698858162,0.905910479884937,0.0559327810267746,"chr5",134390776,134390777,"+",0.87794408937155,0,"TUTR","proximal pA"
"UBE2E1","ENSG00000170142","PAS9306_APA_0.35",0.0153731022216915,0,8.01711351335689,1,0.00463373648526162,0.0198481938389432,0.159890386009973,0.110498194701053,-0.0493921913089203,"chr3",23891092,23891093,"+",0.135194290355513,0,"TUTR","proximal pA"
"UBE2E2","ENSG00000182247","PAS9300_AATAAA_0.25",0.809722094978601,NA,0.125725488436728,1,0.722905833647979,0.832640610131099,0.916027636054078,0.927086060372853,0.0110584243187752,"chr3",23590578,23590579,"+",0.921556848213466,0,"TUTR","proximal pA"
"UBE2F","ENSG00000184182","PAS7181_APA_0.15",0.894049914874366,NA,0.043721837616431,1,0.834371989809744,0.907150363722466,0.868335500119676,0.878410654446598,0.0100751543269223,"chr2",238041545,238041546,"+",0.873373077283137,0,"TUTR","proximal pA"
"UBE2L3","ENSG00000185651","PAS50749_AATAAA_0.45",0.044692360048596,1,1.4318086411804,1,0.231469493974453,0.393020945340495,0.48175181177051,0.539325839077292,0.0575740273067812,"chr22",21622937,21622938,"+",0.510538825423901,0,"TUTR","proximal pA"
"UBE2R2","ENSG00000107341","PAS24922_APA_0.2",0.172950332449731,NA,1.8019369203721,1,0.179478506925752,0.329415206011963,0.527321064946486,0.556998568132879,0.0296775031863926,"chr9",33917720,33917721,"+",0.542159816539683,0,"TUTR","proximal pA"
"UBE2Z","ENSG00000159202","PAS43010_None_0.1",0.432817022743635,NA,1.07374568504565,1,0.300100914392958,0.468419479308572,0.460206406863943,0.495533029901964,0.0353266230380205,"chr17",48928349,48928350,"+",0.477869718382954,0,"TUTR","proximal pA"
"UBE3B","ENSG00000151148","PAS33230_AATAAA_0.2",0.722277910015588,NA,0.253544669741132,1,0.614590151963809,0.752153362985153,0.0874036497512412,0.106076221530935,0.0186725717796936,"chr12",109535020,109535021,"+",0.096739935641088,0,"TUTR","proximal pA"
"UBLCP1","ENSG00000164332","PAS15728_ATTAAA_0.45",0.947590009493741,NA,0.0121557681031845,1,0.912208571926077,0.954302608447146,0.686638324694165,0.690294223196599,0.00365589850243353,"chr5",159285446,159285447,"+",0.688466273945382,0,"TUTR","proximal pA"
"UBXN2B","ENSG00000215114","PAS22930_ATTAAA_0.2",0.674807196377502,NA,0.34543467168578,1,0.556708898972262,0.707742565682497,0.116350368778536,0.144612454618509,0.0282620858399732,"chr8",58447660,58447661,"+",0.130481411698522,0,"TUTR","proximal pA"
"UGCG","ENSG00000148154","PAS25366_APA_0.35",0.126397473642454,NA,1.07150377101061,1,0.3006060264594,0.469039115385632,0.306909574434137,0.32950374344174,0.0225941690076032,"chr9",111933066,111933067,"+",0.318206658937938,0,"TUTR","proximal pA"
"UHMK1","ENSG00000152332","PAS1756_AATAAA_0.05",0.470282391625216,NA,0.839973490317789,1,0.359404352712047,0.531716548627663,0.270919530033957,0.302139705646854,0.0312201756128975,"chr1",162523687,162523688,"+",0.286529617840405,0,"TUTR","proximal pA"
"UNC5B","ENSG00000107731","PAS27359_APA_0.35",0.692921220841602,NA,0.308049208395914,1,0.57887974331886,0.724382752070805,0.591806478605558,0.654634541389219,0.0628280627836613,"chr10",71299855,71299856,"+",0.623220509997388,0,"TUTR","proximal pA"
"UPF1","ENSG00000005007","PAS46488_AATAAA_0.4",0.150671775663282,NA,3.15054487257385,1,0.075901614148274,0.177453773789344,0.43538293265347,0.498876936296549,0.063494003643079,"chr19",18866616,18866617,"+",0.467129934475009,0,"TUTR","proximal pA"
"URB2","ENSG00000135763","PAS2398_APA_0.05",0.867148347408334,NA,0.0650058260549145,1,0.798752139154589,0.88336481794081,0.557220987869367,0.585678270212584,0.0284572823432175,"chr1",229659574,229659575,"+",0.571449629040976,0,"TUTR","proximal pA"
"USO1","ENSG00000138768","PAS12948_APA_0.25",0.0617515749395599,NA,5.0308971394461,1,0.0248989975715831,0.075228849639891,0.0703639490741979,0.138339570427726,0.0679756213535276,"chr4",75813569,75813570,"+",0.104351759750962,0,"TUTR","proximal pA"
"USP11","ENSG00000102226","PAS51924_None_0",0.418877061539072,NA,1.13721587711416,1,0.286241396245724,0.454805774034872,0.522510286202242,0.571146174012462,0.0486358878102201,"chrX",47247983,47247984,"+",0.546828230107352,0,"TUTR","proximal pA"
"USP3","ENSG00000140455","PAS38654_AATAAA_0.35",0.00244588981732976,0,11.9071891306221,1,0.000559177146389948,0.00335790134101172,0.875001216257734,0.948303427740489,0.0733022114827554,"chr15",63591444,63591445,"+",0.911652321999111,0,"TUTR","proximal pA"
"USP9X","ENSG00000124486","PAS51889_AATAAA_0.4",0.522470674092925,NA,1.65246530999684,1,0.198623721109341,0.353437779679455,0.830790114986174,0.872522256963421,0.0417321419772465,"chrX",41232755,41232756,"+",0.851656185974797,0,"TUTR","proximal pA"
"USPL1","ENSG00000132952","PAS35405_ATTAAA_0.05",0.779359658644436,NA,0.16286507041815,1,0.686532298384534,0.806376459868033,0.653930132209094,0.612217830108695,-0.0417123021003993,"chr13",30659548,30659549,"+",0.633073981158895,0,"TUTR","proximal pA"
"UTP11","ENSG00000183520","PAS660_ATTAAA_0.2",0.51800250731992,NA,0.770731233101742,1,0.379990934543054,0.552536019880792,0.845696241818461,0.884280116327979,0.0385838745095181,"chr1",38023800,38023801,"+",0.86498817907322,0,"TUTR","proximal pA"
"UTP15","ENSG00000164338","PAS14956_ATTAAA_0.25",0.769927368931307,NA,0.0323321803173258,1,0.857300544630788,0.919631686363898,0.229317870834213,0.237870260858645,0.00855239002443225,"chr5",73580202,73580203,"+",0.233594065846429,0,"TUTR","proximal pA"
"UTP23","ENSG00000147679","PAS23317_AATAAA_0.3",0.0302389439579146,0.567153590138496,1.52115779974611,1,0.21744436768347,0.377582540254203,0.576200133267277,0.621873558562315,0.0456734252950382,"chr8",116771937,116771938,"+",0.599036845914796,0,"TUTR","proximal pA"
"UTP25","ENSG00000117597","PAS2183_APA_0.3",0.164149744088907,NA,1.47868777478288,1,0.223979945014987,0.384219430568442,0.596933197044259,0.661500403530067,0.0645672064858079,"chr1",209851748,209851749,"+",0.629216800287163,0,"TUTR","proximal pA"
"VAPA","ENSG00000101558","PAS45180_AATAAA_0.45",1.06044456447634e-16,0.000219546589933253,17.5450683600648,1,2.80577549921651e-05,0.000242119075406529,0.108088093080376,0.175631233759574,0.067543140679198,"chr18",9954502,9954503,"+",0.141859663419975,0,"TUTR","proximal pA"
"VAPB","ENSG00000124164","PAS49275_AATAAA_0.15",0.182801202633074,NA,2.7566084092623,1,0.0968533697722168,0.213293772355027,0.878656248641963,0.935530790688164,0.0568745420462006,"chr20",58445549,58445550,"+",0.907093519665064,0,"TUTR","proximal pA"
"VASP","ENSG00000125753","PAS46980_APA_0.35",0.44218771354563,NA,1.03456597725381,1,0.30908865834197,0.478033124673646,0.137363308050073,0.159133128383783,0.0217698203337104,"chr19",45526586,45526587,"+",0.148248218216928,0,"TUTR","proximal pA"
"VCAN","ENSG00000038427","PAS15081_AATAAA_0.3",0.540882235815095,NA,0.697985000571407,1,0.403461592673087,0.575306345107921,0.786719587378078,0.831701861153832,0.0449822737757542,"chr5",83581444,83581445,"+",0.809210724265955,0,"TUTR","proximal pA"
"VHL","ENSG00000134086","PAS9176_ATTAAA_0.35",0.128972563351045,NA,0.635468840901922,1,0.425356374314959,0.595178763329093,0.0982448349223809,0.118982190116181,0.0207373551937997,"chr3",10153121,10153122,"+",0.108613512519281,0,"TUTR","proximal pA"
"VMP1","ENSG00000062716","PAS43168_APA_0.2",0.164627256521522,NA,1.11871129109568,1,0.290196115590547,0.458347135839276,0.494865726053418,0.470374340561169,-0.0244913854922491,"chr17",59840588,59840589,"+",0.482620033307293,0,"TUTR","proximal pA"
"VPS26A","ENSG00000122958","PAS27324_AATAAA_0.05",0.402906651344616,NA,0.556464531750862,1,0.455688254204495,0.622624028975546,0.20971889131753,0.231381640894006,0.0216627495764758,"chr10",69171719,69171720,"+",0.220550266105768,0,"TUTR","proximal pA"
"VPS35L","ENSG00000103544","PAS40345_ATTAAA_0.25",0.721369401838498,NA,0.256149552961006,1,0.612777890695796,0.75142090950098,0.786240808065174,0.816321405047967,0.030080596982793,"chr16",19700683,19700684,"+",0.80128110655657,0,"TUTR","proximal pA"
"WASHC2C","ENSG00000172661","PAS27190_AATAAA_0",0.321029903988262,NA,1.6348848202399,1,0.201028738375628,0.356595825038892,0.290342117332005,0.357518905239751,0.0671767879077458,"chr10",45792600,45792601,"+",0.323930511285878,0,"TUTR","proximal pA"
"WDR3","ENSG00000065183","PAS1425_AATAAA_0.15",0.0684658681703938,NA,1.17279813952791,1,0.278827043280177,0.447064602538806,0.168602581159538,0.205829988929817,0.0372274077702793,"chr1",117959757,117959758,"+",0.187216285044678,0,"TUTR","proximal pA"
"WFS1","ENSG00000109501","PAS12552_APA_0.25",0.713580678914387,NA,0.270293828348827,1,0.603134737863995,0.744083712321494,0.311234898511726,0.260635567998409,-0.0505993305133174,"chr4",6302880,6302881,"+",0.285935233255067,0,"TUTR","proximal pA"
"WIPF3","ENSG00000122574","PAS20229_None_0.25",0.907753712518793,NA,0.0324666204539881,1,0.857007363967471,0.919392978343802,0.44601476755924,0.468870900895518,0.0228561333362773,"chr7",29914683,29914684,"+",0.457442834227379,0,"TUTR","proximal pA"
"WWC1","ENSG00000113645","PAS15761_ATTAAA_0.3",0.731901328012143,NA,0.195179968398861,1,0.658639894299458,0.786343845033293,0.188488092424287,0.203575695784373,0.0150876033600864,"chr5",168469261,168469262,"+",0.19603189410433,0,"TUTR","proximal pA"
"WWC2","ENSG00000151718","PAS13434_ATTAAA_0.45",0.892007766408442,NA,0.0462758524358833,1,0.829675141930589,0.904765157291896,0.378512827587058,0.400352141355227,0.0218393137681691,"chr4",183316907,183316908,"+",0.389432484471143,0,"TUTR","proximal pA"
"WWP1","ENSG00000123124","PAS23086_ATTAAA_0.25",0.737112527410858,NA,0.227370971370874,1,0.633480102822849,0.766763703658611,0.336582284904349,0.364702393402094,0.0281201084977456,"chr8",86467168,86467169,"+",0.350642339153222,0,"TUTR","proximal pA"
"XPNPEP3","ENSG00000196236","PAS51062_AATAAA_0.15",0.796190321731839,NA,0.00629340863952166,1,0.936769344154343,0.965864786901233,0.34540575010602,0.340159038607818,-0.00524671149820155,"chr22",40927501,40927502,"+",0.342782394356919,0,"TUTR","proximal pA"
"XPOT","ENSG00000184575","PAS32837_AATAAA_0.25",0.994204958395854,NA,0.000267678996124232,1,0.986946474135558,0.993281861401858,0.630439900575347,0.629481885247518,-0.000958015327828798,"chr12",64448680,64448681,"+",0.629960892911432,0,"TUTR","proximal pA"
"YBX1","ENSG00000065978","PAS729_APA_0.2",0.0590685658518952,NA,5.1216251485148,1,0.0236294773812724,0.0721388304195293,0.30183170810593,0.229423163830395,-0.0724085442755348,"chr1",42702102,42702103,"+",0.265627435968163,0,"TUTR","proximal pA"
"YIPF4","ENSG00000119820","PAS5434_AATAAA_0.3",0.104573420582779,NA,0.0215613013133407,1,0.883260150624378,0.935566858440428,0.271714808717368,0.268040691041111,-0.00367411767625642,"chr2",32305886,32305887,"+",0.26987774987924,0,"TUTR","proximal pA"
"YPEL5","ENSG00000119801","PAS5413_AATAAA_0.05",0.882423721482143,NA,0.33807659635022,1,0.560941556508571,0.710837253447723,0.415579490214995,0.392157615157303,-0.0234218750576923,"chr2",30159549,30159550,"+",0.403868552686149,0,"TUTR","proximal pA"
"YY1","ENSG00000100811","PAS37119_ATTAAA_0.35",0.00180146527615115,1,0.12811452990718,1,0.720395024983578,0.830528311542077,0.435299583185559,0.443590170675645,0.00829058749008638,"chr14",100277767,100277768,"+",0.439444876930602,0,"TUTR","proximal pA"
"ZBTB1","ENSG00000126804","PAS36790_AATAAA_0.3",0.4264911785169,NA,0.907990889620351,1,0.340648057373883,0.513002334290746,0.355437819720733,0.42506760066556,0.0696297809448263,"chr14",64524642,64524643,"+",0.390252710193147,0,"TUTR","proximal pA"
"ZBTB38","ENSG00000177311","PAS10251_None_0.25",0.369342504290748,NA,1.36372897867705,1,0.242892261087989,0.40654222541215,0.282567401906823,0.346740755789731,0.0641733538829083,"chr3",141446143,141446144,"+",0.314654078848277,0,"TUTR","proximal pA"
"ZCCHC7","ENSG00000147905","PAS24981_AATAAA_0.3",0.82227429811055,NA,0.109573659307216,1,0.740630041560566,0.844755783226194,0.573259661408334,0.542435248312549,-0.030824413095785,"chr9",37357387,37357388,"+",0.557847454860442,0,"TUTR","proximal pA"
"ZDHHC5","ENSG00000156599","PAS29855_APA_0.15",0.596897359240029,NA,0.53904989283501,1,0.462826748568949,0.629009345078614,0.158547385397797,0.130134861025345,-0.0284125243724519,"chr11",57700361,57700362,"+",0.144341123211571,0,"TUTR","proximal pA"
"ZFAND3","ENSG00000156639","PAS17762_ATTAAA_0.15",0.24984364895192,NA,2.13917252838473,1,0.14357931849448,0.282320591049966,0.35465649030495,0.405451307285477,0.0507948169805263,"chr6",38152625,38152626,"+",0.380053898795213,0,"TUTR","proximal pA"
"ZFP91","ENSG00000186660","PAS29869_None_0.2",0.176117770080364,NA,2.83984610815332,1,0.0919530201316543,0.205846318763671,0.581098933809468,0.63972796532327,0.0586290315138019,"chr11",58617803,58617804,"+",0.610413449566369,0,"TUTR","proximal pA"
"ZFYVE16","ENSG00000039319","PAS15046_AATAAA_0.35",0.0743320169038699,NA,0.047188031116093,1,0.828030616121676,0.903729129211722,0.361632771872596,0.376769669859558,0.0151368979869622,"chr5",80478902,80478903,"+",0.369201220866077,0,"TUTR","proximal pA"
"ZNF22","ENSG00000165512","PAS27184_AATAAA_0.35",0.201690573732361,NA,4.18682253657244,1,0.0407393866535253,0.11023947567526,0.689842764069871,0.754951003957608,0.0651082398877376,"chr10",45004100,45004101,"+",0.72239688401374,0,"TUTR","proximal pA"
"ZNF33A","ENSG00000189180","PAS27151_AATAAA_0.4",0.491206481021785,NA,0.309450266832755,1,0.578017719613156,0.723453360135231,0.549899886539743,0.571914774480786,0.0220148879410426,"chr10",38059384,38059385,"+",0.560907330510265,0,"TUTR","proximal pA"
"ZNF346","ENSG00000113761","PAS15849_AATAAA_0.35",0.431244021492194,NA,1.08226800619764,1,0.298190741065463,0.467074704732922,0.3396015779713,0.267951538624254,-0.0716500393470466,"chr5",177065975,177065976,"+",0.303776558297777,0,"TUTR","proximal pA"
"ZNF473","ENSG00000142528","PAS47149_AATAAA_0.3",0.964685365796479,NA,0.00556420870361762,1,0.940538047503701,0.967514581078861,0.504800874541892,0.499007807988614,-0.00579306655327816,"chr19",50047166,50047167,"+",0.501904341265253,0,"TUTR","proximal pA"
"ZNF576","ENSG00000124444","PAS46895_AATAAA_0.2",0.733955339146179,NA,0.231987195722468,1,0.63005425167324,0.764088628328754,0.870832200669664,0.894672598501124,0.0238403978314599,"chr19",43599412,43599413,"+",0.882752399585394,0,"TUTR","proximal pA"
"ZNF639","ENSG00000121864","PAS10506_APA_0.25",0.428819922616041,NA,1.09137561755824,1,0.296166617392931,0.464843347260187,0.744918952741458,0.676875858742875,-0.0680430939985833,"chr3",179334611,179334612,"+",0.710897405742167,0,"TUTR","proximal pA"
"ZNF696","ENSG00000185730","PAS23532_APA_0.25",0.841894510057579,NA,0.0885054813115858,1,0.766085794171439,0.861095335450667,0.526461871321462,0.506411137744792,-0.0200507335766695,"chr8",143298058,143298059,"+",0.516436504533127,0,"TUTR","proximal pA"
"ZNF7","ENSG00000147789","PAS23597_AATAAA_0.3",0.276903810709228,NA,1.93181831906031,1,0.164559648875801,0.310980933897879,0.86305897721737,0.810772559260119,-0.0522864179572509,"chr8",144843219,144843220,"+",0.836915768238744,0,"TUTR","proximal pA"
"ZNF736","ENSG00000234444","PAS20446_ATTAAA_0.25",0.357462986980938,NA,0.150178841620573,1,0.698364509422102,0.814609126646337,0.563399049793532,0.598490479636841,0.0350914298433093,"chr7",64354510,64354511,"+",0.580944764715186,0,"TUTR","proximal pA"
"ZNF791","ENSG00000173875","PAS46309_None_0.15",0.820188349178105,NA,0.00897584314634514,1,0.924520609549083,0.960395416133746,0.656566084321884,0.652404886589942,-0.00416119773194179,"chr19",12630172,12630173,"+",0.654485485455913,0,"TUTR","proximal pA"
"ZNRF3","ENSG00000183579","PAS50850_APA_0.25",0.841083649052391,NA,0.089400651535982,1,0.764940490168632,0.860343180515507,0.670055398231141,0.706352901219768,0.0362975029886262,"chr22",29053986,29053987,"+",0.688204149725455,0,"TUTR","proximal pA"
"ZSCAN26","ENSG00000197062","PAS17517_AATAAA_0.3",0.457456835267841,NA,0.980208545914252,1,0.32214732496125,0.492724863625212,0.174663509982233,0.118691336858669,-0.0559721731235642,"chr6",28277530,28277531,"+",0.146677423420451,0,"TUTR","proximal pA"
"ZSWIM6","ENSG00000130449","PAS14840_APA_0.35",0.00737696349565462,0.983563889222674,0.780152925290167,1,0.377094373882202,0.549879996338984,0.358233761390402,0.322948059503354,-0.0352857018870484,"chr5",61544810,61544811,"+",0.340590910446878,0,"TUTR","proximal pA"
"ABCB10","ENSG00000135776","PAS4981_AATAAA_0.3",0.475067112019903,NA,0.916056396360886,1,0.338512568765121,0.51031789357513,0.183255611070014,0.249815837547166,0.0665602264771518,"chr1",229516843,229516844,"-",0.21653572430859,0,"TUTR","proximal pA"
"ABI1","ENSG00000136754","PAS28370_ATTAAA_0.2",0.408192382725851,NA,1.16459634201237,1,0.280514335142549,0.448609197887426,0.19710840675158,0.23365158515627,0.0365431784046905,"chr10",26748184,26748185,"-",0.215379995953925,0,"TUTR","proximal pA"
"ABLIM1","ENSG00000099204","PAS29144_ATTAAA_0.3",0.454429839258001,NA,0.990821333090594,1,0.319541716340993,0.489833473288414,0.194765714570006,0.26312729101854,0.0683615764485342,"chr10",114431774,114431775,"-",0.228946502794273,0,"TUTR","proximal pA"
"ABRAXAS1","ENSG00000163322","PAS14026_AATAAA_0.4",0.835699832253136,NA,0.095676848461494,1,0.75708059480087,0.855421531661346,0.35710676625726,0.391139566904852,0.0340328006475926,"chr4",83461894,83461895,"-",0.374123166581056,0,"TUTR","proximal pA"
"ACAP3","ENSG00000131584","PAS2560_APA_0.15",0.958758215601738,NA,0.00746257518477478,1,0.931159418406694,0.963490524607298,0.598032147316762,0.588749061296363,-0.00928308602039851,"chr1",1292870,1292871,"-",0.593390604306563,0,"TUTR","proximal pA"
"ACBD3","ENSG00000182827","PAS4929_AATAAA_0.35",0.207294736991666,NA,0.077271348301565,1,0.781029827077067,0.870985661589632,0.385925592284864,0.373494115765087,-0.0124314765197768,"chr1",226144944,226144945,"-",0.379709854024976,0,"TUTR","proximal pA"
"ACBD5","ENSG00000107897","PAS28395_AATAAA_0.4",0.624406339357998,NA,0.4586463447813,1,0.498257286102253,0.659662434026718,0.142315929548453,0.170590076834281,0.0282741472858283,"chr10",27197005,27197006,"-",0.156453003191367,0,"TUTR","proximal pA"
"ADAR","ENSG00000160710","PAS4200_APA_0.35",0.20896745434749,NA,2.4824946161034,1,0.115119534195186,0.240404635190717,0.180222182296056,0.145720110653695,-0.0345020716423615,"chr1",154582301,154582302,"-",0.162971146474875,0,"TUTR","proximal pA"
"ADAT1","ENSG00000065457","PAS41911_APA_0.35",0.691253788505456,NA,0.310581424069426,1,0.577323619306214,0.722955981621507,0.232302598388536,0.176558912631973,-0.055743685756563,"chr16",75599253,75599254,"-",0.204430755510254,0,"TUTR","proximal pA"
"ADI1","ENSG00000182551","PAS7293_AATAAA_0.2",0.437929447457572,NA,2.32420487503259,1,0.127375291805233,0.258905865484041,0.776437580590625,0.822503938483258,0.046066357892633,"chr2",3498453,3498454,"-",0.799470759536942,0,"TUTR","proximal pA"
"ADIPOR1","ENSG00000159346","PAS4674_None_0.25",0.431244021492194,NA,1.08305598146944,1,0.298014916659352,0.46705399011225,0.0844812056605317,0.108290121804458,0.0238089161439264,"chr1",202941501,202941502,"-",0.096385663732495,0,"TUTR","proximal pA"
"AGO2","ENSG00000123908","PAS24613_APA_0.15",2.15222087536721e-31,0.674918106231422,2.29992289528309,1,0.12938042128216,0.261909413681611,0.308893412118102,0.33305304964221,0.0241596375241076,"chr8",140531219,140531220,"-",0.320973230880156,1,"TUTR","proximal pA"
"AK1","ENSG00000106992","PAS26549_APA_0.1",0.690446821271658,NA,0.835478480533311,1,0.360693137875094,0.533092685210279,0.703564995849067,0.754628808014366,0.0510638121652995,"chr9",127867839,127867840,"-",0.729096901931717,0,"TUTR","proximal pA"
"AKAP8","ENSG00000105127","PAS47851_AATAAA_0.3",0.954372928277942,NA,0.00944757571778609,1,0.9225686476473,0.959743603087452,0.273462084452152,0.268347100134502,-0.00511498431765023,"chr19",15354632,15354633,"-",0.270904592293327,0,"TUTR","proximal pA"
"AMACR","ENSG00000242110","PAS16080_APA_0.2",0.576139077754489,NA,0.496304732747376,1,0.48112830612058,0.644924046924918,0.370368888928611,0.296296368296344,-0.0740725206322666,"chr5",33988667,33988668,"-",0.333332628612477,0,"TUTR","proximal pA"
"AMN1","ENSG00000151743","PAS34038_APA_0.2",0.926137416183292,NA,0.0214932744432161,1,0.883443138132327,0.935566858440428,0.54271758346067,0.565637147571788,0.0229195641111175,"chr12",31671887,31671888,"-",0.554177365516229,0,"TUTR","proximal pA"
"ANKH","ENSG00000154122","PAS16028_APA_0.25",0.27603914963156,NA,1.93811773061407,1,0.163873053786229,0.310043624443275,0.76549140409535,0.826568765076053,0.0610773609807023,"chr5",14711066,14711067,"-",0.796030084585701,0,"TUTR","proximal pA"
"ANKRD13C","ENSG00000118454","PAS3548_AATAAA_0.3",0.969696470065315,NA,0.0250738328322768,1,0.874183224301263,0.93036049336049,0.336064951647577,0.347221720392426,0.0111567687448494,"chr1",70261235,70261236,"-",0.341643336020002,0,"TUTR","proximal pA"
"ANKRD17","ENSG00000132466","PAS13900_ATTAAA_0.25",0.571024008115654,NA,0.0911188215413858,1,0.762759595238973,0.859420813877118,0.480815201884739,0.496639369389837,0.0158241675050985,"chr4",73075687,73075688,"-",0.488727285637288,0,"TUTR","proximal pA"
"ANKS6","ENSG00000165138","PAS26288_ATTAAA_0.15",0.658703161198748,NA,1.04004981396247,1,0.307809886783258,0.47676101479953,0.105496926364538,0.149577536885382,0.044080610520844,"chr9",98735420,98735421,"-",0.12753723162496,0,"TUTR","proximal pA"
"ANXA7","ENSG00000138279","PAS28729_AATAAA_0.3",0.695627085991411,NA,0.302529299787238,1,0.582301104731083,0.726996476626016,0.632424937201663,0.651424754254308,0.0189998170526451,"chr10",73375781,73375782,"-",0.641924845727985,0,"TUTR","proximal pA"
"AP1G1","ENSG00000166747","PAS41836_AATAAA_0.3",0.999871189520794,NA,0.0105077543184962,1,0.91835398874948,0.95748757247141,0.178825111867632,0.176008222477363,-0.00281688939026881,"chr16",71731882,71731883,"-",0.177416667172498,0,"TUTR","proximal pA"
"AP3D1","ENSG00000065000","PAS47489_None_0.25",0.0265827070814828,0,6.85065011655388,1,0.00886090236049426,0.0337056189468319,0.0834035210243276,0.15480231849424,0.0713987974699122,"chr19",2102035,2102036,"-",0.119102919759284,0,"TUTR","proximal pA"
"AP3S2","ENSG00000157823","PAS39918_APA_0.15",0.465570588205179,NA,1.44284121205601,1,0.229680123415172,0.39079856773034,0.678319428712245,0.62066220911907,-0.0576572195931758,"chr15",89834305,89834306,"-",0.649490818915657,0,"TUTR","proximal pA"
"APP","ENSG00000142192","PAS50421_AATAAA_0.25",0.736421133943047,NA,0.893742183898212,1,0.344465222305504,0.516733276638221,0.52940865302939,0.555654419648322,0.0262457666189313,"chr21",25880807,25880808,"-",0.542531536338856,0,"TUTR","proximal pA"
"ARFIP2","ENSG00000132254","PAS30863_AATAAA_0.25",0.279414987159724,NA,1.91253000293182,1,0.166682492476395,0.313819194091945,0.878694684247076,0.926628087767027,0.047933403519951,"chr11",6476519,6476520,"-",0.902661386007051,0,"TUTR","proximal pA"
"ARGLU1","ENSG00000134884","PAS36275_ATTAAA_0.35",0.328801888187288,NA,1.59185353976591,1,0.207061514484235,0.364415943735914,0.331128001253014,0.37277447309168,0.0416464718386663,"chr13",106543990,106543991,"-",0.351951237172347,0,"TUTR","proximal pA"
"ARL5A","ENSG00000162980","PAS8417_None_0.25",0.237353996987754,NA,4.10341117122971,1,0.042796784946852,0.114399587719843,0.773109921304741,0.846778375623469,0.0736684543187285,"chr2",151802589,151802590,"-",0.809944148464105,0,"TUTR","proximal pA"
"ARL6IP1","ENSG00000170540","PAS41364_APA_0.2",0.450702993927079,NA,0.696820650060545,1,0.40385406850154,0.575518862841428,0.354437694273494,0.377207517818074,0.0227698235445799,"chr16",18793101,18793102,"-",0.365822606045784,0,"TUTR","proximal pA"
"ARMC1","ENSG00000104442","PAS23971_ATTAAA_0.35",0.440934674825773,NA,1.17551719655603,1,0.278270498340958,0.446282227620272,0.622294986166701,0.658239143123116,0.035944156956415,"chr8",65602690,65602691,"-",0.640267064644908,0,"TUTR","proximal pA"
"ARMH3","ENSG00000120029","PAS29037_AATAAA_0.2",0.534262130059677,NA,0.717940842582038,1,0.396820181832158,0.568622797316828,0.112686370221034,0.0707763252762913,-0.0419100449447424,"chr10",101846429,101846430,"-",0.0917313477486625,0,"TUTR","proximal pA"
"ARPP19","ENSG00000128989","PAS39449_APA_0.35",0.0786785486395753,NA,0.103068083493781,1,0.74817842380881,0.849730963625737,0.302837173846389,0.292722692659053,-0.0101144811873362,"chr15",52551186,52551187,"-",0.297779933252721,0,"TUTR","proximal pA"
"ASB8","ENSG00000177981","PAS34160_APA_0.35",0.655249066148782,NA,0.389081073540183,1,0.532782824332071,0.687671383954894,0.121878911121137,0.153068377797454,0.0311894666763162,"chr12",48148835,48148836,"-",0.137473644459295,0,"TUTR","proximal pA"
"ASCC1","ENSG00000138303","PAS28693_ATTAAA_0.2",0.582381266764439,NA,0.578638620554784,1,0.446846433472374,0.6149552012649,0.125982394430318,0.160793048742448,0.0348106543121298,"chr10",72096903,72096904,"-",0.143387721586383,0,"TUTR","proximal pA"
"ATE1","ENSG00000107669","PAS29235_AATAAA_0.35",0.725923416282425,NA,0.566140387390533,1,0.451796712771698,0.619257491394365,0.141847142361427,0.109349409532596,-0.0324977328288308,"chr10",121740649,121740650,"-",0.125598275947011,0,"TUTR","proximal pA"
"ATG5","ENSG00000057663","PAS19466_AATAAA_0.35",0.496870946023417,NA,0.839853907460792,1,0.359438556697791,0.531716548627663,0.783813043988543,0.843506401686386,0.0596933576978427,"chr6",106185920,106185921,"-",0.813659722837465,0,"TUTR","proximal pA"
"ATP13A3","ENSG00000133657","PAS12295_AATAAA_0.45",0.546419869428641,NA,0.696755665150704,1,0.403875989815409,0.575518862841428,0.160792517755686,0.184321795430396,0.0235292776747098,"chr3",194405760,194405761,"-",0.172557156593041,0,"TUTR","proximal pA"
"ATP2B1","ENSG00000070961","PAS34671_None_0.25",0.000462945460223325,1,0.00845581479370594,1,0.92673339207068,0.961689125280364,0.451737666014383,0.447367978327097,-0.00436968768728629,"chr12",89590416,89590417,"-",0.44955282217074,1,"TUTR","proximal pA"
"ATP6V1E1","ENSG00000131100","PAS51247_None_0.25",0.594220325396902,NA,0.547147035501439,1,0.459485762671321,0.62648842657923,0.0968027847555949,0.117493049448527,0.0206902646929321,"chr22",17592465,17592466,"-",0.107147917102061,0,"TUTR","proximal pA"
"B4GALT6","ENSG00000118276","PAS45714_None_0.25",0.88896170868589,NA,0.0486900968761006,1,0.825358482553379,0.902516058570653,0.171576786301551,0.189898921476168,0.0183221351746176,"chr18",31622801,31622802,"-",0.18073785388886,0,"TUTR","proximal pA"
"BAG1","ENSG00000107262","PAS25958_APA_0",0.3433258457428,NA,1.51137554958405,1,0.218929309644501,0.379351145992529,0.920723568903907,0.886563408125922,-0.0341601607779849,"chr9",33255024,33255025,"-",0.903643488514915,0,"TUTR","proximal pA"
"BAIAP2L1","ENSG00000006453","PAS21988_APA_0.35",0.974475703285721,NA,0.00310147320283249,1,0.955588071459472,0.975758598077692,0.92132411188726,0.91949412617685,-0.00182998571040971,"chr7",98293243,98293244,"-",0.920409119032055,0,"TUTR","proximal pA"
"BBIP1","ENSG00000214413","PAS29121_ATTAAA_0.25",0.79389004913393,NA,0.144206547620854,1,0.704134436570241,0.81870098490784,0.463817618525229,0.502365807689297,0.0385481891640674,"chr10",110899892,110899893,"-",0.483091713107263,0,"TUTR","proximal pA"
"BCAP31","ENSG00000185825","PAS53182_APA_0.2",0.305811517647077,NA,1.72680226193188,1,0.188819793958145,0.340839503228928,0.223190359572601,0.190038707389827,-0.0331516521827743,"chrX",153700736,153700737,"-",0.206614533481214,0,"TUTR","proximal pA"
"BCAT1","ENSG00000060982","PAS33920_AATAAA_0.15",0.000171603852776109,1,0.825293811605661,1,0.36363691221186,0.53638711614293,0.311445285365902,0.296277811171548,-0.0151674741943542,"chr12",24814972,24814973,"-",0.303861548268725,0,"TUTR","proximal pA"
"BCL10","ENSG00000142867","PAS3632_AATAAA_0.2",0.711166406721595,NA,0.838393533732642,1,0.359856625491464,0.532137984945503,0.781547937811629,0.712234322739161,-0.069313615072468,"chr1",85266248,85266249,"-",0.746891130275395,0,"TUTR","proximal pA"
"BCL9L","ENSG00000186174","PAS31902_APA_0.05",0.582381266764439,NA,0.578117575898659,1,0.447051118417425,0.6149552012649,0.277859475173908,0.317681345588811,0.0398218704149033,"chr11",118897808,118897809,"-",0.297770410381359,0,"TUTR","proximal pA"
"BID","ENSG00000015475","PAS51249_APA_0.3",0.722689489963669,NA,0.25223298945707,1,0.615507131314808,0.752427834645335,0.879181150853006,0.899808511453242,0.0206273606002368,"chr22",17735373,17735374,"-",0.889494831153124,0,"TUTR","proximal pA"
"BLOC1S2","ENSG00000196072","PAS28995_APA_0.2",0.365862648454775,NA,1.38588960578909,1,0.239100475095705,0.402355422529473,0.124900378596469,0.162779050668403,0.037878672071934,"chr10",100274987,100274988,"-",0.143839714632436,0,"TUTR","proximal pA"
"BLOC1S5","ENSG00000188428","PAS18641_ATTAAA_0.4",0.662906882876856,NA,0.372598652173167,1,0.541591176344043,0.695100410365754,0.775878786179751,0.832344177418368,0.0564653912386162,"chr6",8013983,8013984,"-",0.80411148179906,0,"TUTR","proximal pA"
"BRAP","ENSG00000089234","PAS34900_APA_0.2",0.322782810575503,NA,1.62161286001128,1,0.202867043859823,0.358725335347947,0.36214047908313,0.426935097554184,0.0647946184710542,"chr12",111644089,111644090,"-",0.394537788318657,0,"TUTR","proximal pA"
"BRD4","ENSG00000141867","PAS47846_None_0.25",0.0107216315238369,0.0955376772431398,5.5658251072,1,0.0183143774272936,0.0592506378025507,0.369824918195948,0.434051483222782,0.0642265650268342,"chr19",15237328,15237329,"-",0.401938200709365,0,"TUTR","proximal pA"
"BUB1","ENSG00000169679","PAS8209_AATAAA_0.4",0.323114169162337,NA,1.61915178131107,1,0.203210100130256,0.358997153542631,0.881259586590065,0.828682725918743,-0.0525768606713223,"chr2",110637833,110637834,"-",0.854971156254404,0,"TUTR","proximal pA"
"C10orf88","ENSG00000119965","PAS29246_AATAAA_0.25",0.708645566390096,NA,0.279480344497983,1,0.597042019743345,0.738948811386737,0.637708628833264,0.678703999036275,0.0409953702030114,"chr10",122931509,122931510,"-",0.65820631393477,0,"TUTR","proximal pA"
"C17orf75","ENSG00000108666","PAS44101_AATAAA_0.25",0.333425296988096,NA,1.56503602061025,1,0.210929370807753,0.369492328019239,0.657159968872079,0.730800381741694,0.0736404128696148,"chr17",32331596,32331597,"-",0.693980175306887,0,"TUTR","proximal pA"
"C1orf198","ENSG00000119280","PAS4986_AATAAA_0.15",0.721369401838498,NA,0.256181704346091,1,0.612755594864733,0.75142090950098,0.117187829308373,0.0952386677561698,-0.0219491615522029,"chr1",230839565,230839566,"-",0.106213248532271,0,"TUTR","proximal pA"
"C1orf52","ENSG00000162642","PAS3629_AATAAA_0.35",0.0792901769009599,NA,4.49112295214604,1,0.0340712900325449,0.0960300035429876,0.958179206440436,0.889868245966217,-0.068310960474219,"chr1",85252194,85252195,"-",0.924023726203327,0,"TUTR","proximal pA"
"C2CD2","ENSG00000157617","PAS50577_None_0.25",0.94052727454542,NA,0.01520020705766,1,0.901878156254756,0.948399829583324,0.125988953279211,0.119566737840334,-0.00642221543887678,"chr21",41886175,41886176,"-",0.122777845559772,0,"TUTR","proximal pA"
"C4orf3","ENSG00000164096","PAS14206_APA_0.25",0.330003053146338,NA,1.58224599222331,1,0.208437472867566,0.365946685702326,0.864536686787827,0.905999369112272,0.0414626823244446,"chr4",119298490,119298491,"-",0.885268027950049,0,"TUTR","proximal pA"
"C5orf63","ENSG00000164241","PAS16675_AATAAA_0.35",0.792101801796073,NA,0.6792670218274,1,0.409839236805288,0.580456899058251,0.291139847692302,0.363636363635895,0.0724965159435936,"chr5",127047527,127047528,"-",0.327388105664098,0,"TUTR","proximal pA"
"C9orf40","ENSG00000135045","PAS26095_AATAAA_0.2",0.880595126545348,NA,0.0544158481592376,1,0.815550162745262,0.894876593428075,0.868964420500013,0.839836681383144,-0.0291277391168691,"chr9",74947629,74947630,"-",0.854400550941579,0,"TUTR","proximal pA"
"CAMK2N1","ENSG00000162545","PAS2852_AATAAA_0.4",0.18974584873627,NA,2.67836305788342,1,0.101720240144333,0.220651367131955,0.765725716812381,0.833593585512283,0.0678678686999016,"chr1",20483352,20483353,"-",0.799659651162332,0,"TUTR","proximal pA"
"CARHSP1","ENSG00000153048","PAS41271_ATTAAA_0.15",0.188310800906854,NA,2.69558215194229,1,0.10062672965252,0.219412807132749,0.815427903376793,0.767859383972749,-0.0475685194040438,"chr16",8854913,8854914,"-",0.791643643674771,0,"TUTR","proximal pA"
"CAVIN1","ENSG00000177469","PAS44311_APA_0.35",0.623201751440408,NA,0.46886697201262,1,0.493508876662537,0.655777699582313,0.103918347397982,0.114703511427062,0.0107851640290797,"chr17",42403799,42403800,"-",0.109310929412522,0,"TUTR","proximal pA"
"CBX4","ENSG00000141582","PAS44982_APA_0.3",0.272175776576384,NA,1.96620624565185,1,0.160851124025905,0.305525569544461,0.252702363117532,0.194174583542632,-0.0585277795749007,"chr17",79833472,79833473,"-",0.223438473330082,0,"TUTR","proximal pA"
"CBX5","ENSG00000094916","PAS34309_None_0.25",0.317747013633966,NA,2.23126175380457,1,0.135243364678571,0.270299785679963,0.367192714316823,0.414939493146709,0.0477467788298864,"chr12",54234257,54234258,"-",0.391066103731766,0,"TUTR","proximal pA"
"CCDC149","ENSG00000181982","PAS13701_ATTAAA_0.2",0.799240903085793,NA,0.138396205492654,1,0.709880635239738,0.823122613795383,0.788325594367836,0.823230538835234,0.0349049444673988,"chr4",24808191,24808192,"-",0.805778066601535,0,"TUTR","proximal pA"
"CCDC186","ENSG00000165813","PAS29137_AATAAA_0.25",0.721335619607123,NA,0.25732442454148,1,0.611964298351759,0.751294003774379,0.19964070820338,0.243602825990995,0.0439621177876152,"chr10",114122213,114122214,"-",0.221621767097188,0,"TUTR","proximal pA"
"CCDC43","ENSG00000180329","PAS44387_APA_0.25",0.980162806770327,NA,0.00198988296415337,1,0.96441968284014,0.981618563378862,0.309118645041098,0.307643112878914,-0.00147553216218443,"chr17",44677683,44677684,"-",0.308380878960006,0,"TUTR","proximal pA"
"CCDC69","ENSG00000198624","PAS16979_APA_0.35",0.527580436683738,NA,0.739573160627174,1,0.389797644291572,0.562292067970982,0.106888031173201,0.0720167358327618,-0.0348712953404393,"chr5",151181389,151181390,"-",0.0894523835029815,0,"TUTR","proximal pA"
"CCDC85C","ENSG00000205476","PAS38073_AATAAA_0.05",0.221928966520812,NA,2.36174311825152,1,0.124343179823754,0.254254839573619,0.848693156942947,0.911056379855662,0.0623632229127158,"chr14",99512034,99512035,"-",0.879874768399304,0,"TUTR","proximal pA"
"CCNA2","ENSG00000145386","PAS14229_AATAAA_0.35",0.722356905867161,NA,0.20996468186263,1,0.646795087402744,0.777241155450356,0.200806979513477,0.220519230130779,0.0197122506173016,"chr4",121817369,121817370,"-",0.210663104822128,0,"TUTR","proximal pA"
"CCNI","ENSG00000118816","PAS13956_AATAAA_0.35",0.000274267690638686,2.15124924766294e-05,19.8795471353369,1,8.24780166292131e-06,8.29433099224073e-05,0.747518761755456,0.784610448724336,0.0370916869688797,"chr4",77048061,77048062,"-",0.766064605239896,0,"TUTR","proximal pA"
"CCNL2","ENSG00000221978","PAS2569_None_0.25",0.0397658759879678,0.132068747755564,5.00205040691799,1,0.0253173089669093,0.0762096094347422,0.0697432976205934,0.101083115583291,0.0313398179626977,"chr1",1387296,1387297,"-",0.0854132066019422,0,"TUTR","proximal pA"
"CD2BP2","ENSG00000169217","PAS41505_AATAAA_0.05",0.36728131021662,NA,1.3745973012351,1,0.241023571535407,0.404388826249649,0.683744758049533,0.736427472595897,0.0526827145463641,"chr16",30352847,30352848,"-",0.710086115322715,0,"TUTR","proximal pA"
"CDAN1","ENSG00000140326","PAS39305_AATAAA_0.05",0.94178036267258,NA,0.0144085595979959,1,0.90445489982156,0.949255376508181,0.299329901961068,0.289196186852286,-0.0101337151087812,"chr15",42723863,42723864,"-",0.294263044406677,0,"TUTR","proximal pA"
"CDC25C","ENSG00000158402","PAS16820_ATTAAA_0.45",0.82186761977509,NA,0.1101962054517,1,0.739920869200936,0.844390973508005,0.294814522775682,0.324973479053466,0.0301589562777842,"chr5",138285579,138285580,"-",0.309894000914574,0,"TUTR","proximal pA"
"CDC42EP3","ENSG00000163171","PAS7552_APA_0.25",0.0373918965033794,0.803682232953534,2.03154184063897,1,0.154064241152336,0.296433492439125,0.230837389056322,0.277293342514587,0.0464559534582647,"chr2",37645154,37645155,"-",0.254065365785455,0,"TUTR","proximal pA"
"CDC42SE1","ENSG00000197622","PAS4104_ATTAAA_0.2",0.758684188964063,NA,0.194258662481843,1,0.659395555274251,0.786523400670008,0.107408236659857,0.118443140245094,0.0110349035852367,"chr1",151052660,151052661,"-",0.112925688452476,0,"TUTR","proximal pA"
"CDH2","ENSG00000170558","PAS45698_ATTAAA_0.25",0.350045677239219,NA,1.46777578973342,1,0.225696952095625,0.386395794977025,0.116098100710403,0.0895236066707912,-0.0265744940396119,"chr18",27951719,27951720,"-",0.102810853690597,0,"TUTR","proximal pA"
"CDK6","ENSG00000105810","PAS21952_APA_0.25",0.610954320322652,NA,0.924525139521393,1,0.336289616828837,0.507495858030112,0.360113563142572,0.320919056654621,-0.0391945064879519,"chr7",92606859,92606860,"-",0.340516309898597,0,"TUTR","proximal pA"
"CEP170","ENSG00000143702","PAS5080_APA_0.35",0.837042810384586,NA,0.0941582573177584,1,0.75895589276307,0.8562442615811,0.577901436471569,0.568830376311478,-0.00907106016009118,"chr1",243124879,243124880,"-",0.573365906391523,0,"TUTR","proximal pA"
"CEP41","ENSG00000106477","PAS22272_AATAAA_0.25",0.789744921378515,NA,0.149540015921957,1,0.698975323614735,0.814609126646337,0.215909153044528,0.26231666162384,0.0464075085793125,"chr7",130398845,130398846,"-",0.239112907334184,0,"TUTR","proximal pA"
"CERS5","ENSG00000139624","PAS34222_APA_0.2",0.421562772524014,NA,1.12488922610828,1,0.288868107580598,0.45730421945819,0.113743346940279,0.142594747706068,0.0288514007657897,"chr12",50130374,50130375,"-",0.128169047323174,0,"TUTR","proximal pA"
"CETN2","ENSG00000147400","PAS53174_APA_0.3",0.482158575182967,NA,0.888638783283227,1,0.345846451438358,0.51766822366123,0.182329388200918,0.255545636792413,0.0732162485914944,"chrX",152827653,152827654,"-",0.218937512496665,0,"TUTR","proximal pA"
"CFAP97","ENSG00000164323","PAS14495_AATAAA_0.45",0.632280123190914,NA,1.12162300893874,1,0.289569246393722,0.457845389875709,0.849146312899262,0.779906565251804,-0.0692397476474578,"chr4",185160101,185160102,"-",0.814526439075533,0,"TUTR","proximal pA"
"CFL2","ENSG00000165410","PAS37441_AATAAA_0.2",0.421667169668565,NA,1.12363216012727,1,0.289137698062565,0.457390052107504,0.695916114940529,0.744000116045224,0.0480840011046949,"chr14",34712013,34712014,"-",0.719958115492876,0,"TUTR","proximal pA"
"CHD8","ENSG00000100888","PAS37316_None_0.25",0.758684188964063,NA,0.194183823211461,1,0.659457032836966,0.786523400670008,0.538867337218101,0.555425742178265,0.0165584049601644,"chr14",21385470,21385471,"-",0.547146539698183,0,"TUTR","proximal pA"
"CHFR","ENSG00000072609","PAS35296_ATTAAA_0.4",0.879374819755827,NA,0.0559764015162614,1,0.812972298948232,0.893589705736409,0.18801446671521,0.205360497557052,0.0173460308418423,"chr12",132840909,132840910,"-",0.196687482136131,0,"TUTR","proximal pA"
"CHKA","ENSG00000110721","PAS31476_ATTAAA_0.15",0.646496954935448,NA,0.410687384470293,1,0.521620822213248,0.679192691561036,0.460639203070559,0.501091615606966,0.0404524125364072,"chr11",68053815,68053816,"-",0.480865409338762,0,"TUTR","proximal pA"
"CHMP4A","ENSG00000254505","PAS37376_APA_0.15",0.783015345407701,NA,0.158293471138677,1,0.690732560644382,0.809264680981844,0.224570913577766,0.245699012381723,0.0211280988039566,"chr14",24209855,24209856,"-",0.235134962979744,0,"TUTR","proximal pA"
"CHORDC1","ENSG00000110172","PAS31694_AATAAA_0.2",0.621406425862025,NA,1.54141713028753,1,0.214406991370408,0.373704551125517,0.635972652991279,0.709817969731224,0.073845316739945,"chr11",90201448,90201449,"-",0.672895311361252,0,"TUTR","proximal pA"
"CIAPIN1","ENSG00000005194","PAS41642_ATTAAA_0.2",0.511467663358343,NA,0.790158936686339,1,0.374052070866504,0.546300740537229,0.588306508331038,0.531898339480419,-0.056408168850619,"chr16",57428548,57428549,"-",0.560102423905729,0,"TUTR","proximal pA"
"CIR1","ENSG00000138433","PAS8573_AATAAA_0.25",0.544230060290159,NA,0.688602931159835,1,0.406639982469967,0.577810843520242,0.769701606964511,0.818956430017547,0.0492548230530354,"chr2",174348365,174348366,"-",0.794329018491029,0,"TUTR","proximal pA"
"CIT","ENSG00000122966","PAS35016_APA_0.15",0.957910592628004,NA,0.00781941560671839,1,0.929536937193466,0.962987197498564,0.355796938641016,0.360345747056048,0.00454880841503147,"chr12",119686124,119686125,"-",0.358071342848532,0,"TUTR","proximal pA"
"CKAP4","ENSG00000136026","PAS34816_APA_0.1",0.118740989196205,NA,3.64025621055043,1,0.0563982545681601,0.141408571617624,0.309265315910922,0.359761864966086,0.0504965490551644,"chr12",106238662,106238663,"-",0.334513590438504,0,"TUTR","proximal pA"
"CLASP1","ENSG00000074054","PAS8281_AATAAA_0.35",0.924873748350177,NA,0.0222340957761844,1,0.881466031750513,0.934385587420122,0.161956518188073,0.152862203924964,-0.00909431426310836,"chr2",121338039,121338040,"-",0.157409361056518,0,"TUTR","proximal pA"
"CLCC1","ENSG00000121940","PAS3806_ATTAAA_0.3",0.776253461028861,NA,0.503252727594372,1,0.478074377993411,0.642020833934805,0.406055167325413,0.443659577459679,0.0376044101342666,"chr1",108932297,108932298,"-",0.424857372392546,0,"TUTR","proximal pA"
"CLMN","ENSG00000165959","PAS38052_AATAAA_0.15",0.917000314788569,NA,0.0269662428770232,1,0.86956266813284,0.927624328923898,0.623646097346236,0.642134420372362,0.0184883230261258,"chr14",95191527,95191528,"-",0.632890258859299,0,"TUTR","proximal pA"
"CLPB","ENSG00000162129","PAS31542_AATAAA_0.2",0.599284576879564,NA,0.532573624707823,1,0.465526859470066,0.63116284874807,0.819368806566949,0.869602099471356,0.0502332929044076,"chr11",72293302,72293303,"-",0.844485453019152,0,"TUTR","proximal pA"
"CNBP","ENSG00000169714","PAS11800_AATAAA_0.35",0.155374531145145,NA,0.712443460597569,1,0.398633833707022,0.570359766688232,0.0861616178670904,0.0775883873786046,-0.0085732304884858,"chr3",129169898,129169899,"-",0.0818750026228475,0,"TUTR","proximal pA"
"CNIH1","ENSG00000100528","PAS37622_AATAAA_0.3",0.132513345575362,NA,0.387340103367933,1,0.533700880403549,0.688378388015798,0.103514748003513,0.115307836086393,0.0117930880828808,"chr14",54427268,54427269,"-",0.109411292044953,0,"TUTR","proximal pA"
"CNOT7","ENSG00000198791","PAS23669_AATAAA_0.25",0.892674414479502,NA,0.088869409376457,1,0.765619417788366,0.861032363985827,0.746051626281358,0.757890800927777,0.0118391746464191,"chr8",17230527,17230528,"-",0.751971213604568,0,"TUTR","proximal pA"
"COA5","ENSG00000183513","PAS8096_AATAAA_0.45",0.627652428661868,NA,0.456603941425556,1,0.49921541728967,0.660527730065405,0.814519485283086,0.854858515953423,0.0403390306703371,"chr2",98600478,98600479,"-",0.834689000618254,0,"TUTR","proximal pA"
"COMMD5","ENSG00000170619","PAS24749_APA_0.2",0.975644829482045,NA,0.00286291306292696,1,0.957328593637833,0.977152481685553,0.73195477453275,0.729773879881887,-0.0021808946508638,"chr8",144850455,144850456,"-",0.730864327207319,0,"TUTR","proximal pA"
"COQ2","ENSG00000173085","PAS14018_AATAAA_0.35",0.65085707771261,NA,0.400915285467931,1,0.526616943580956,0.683280001402,0.19465504560912,0.240815607581531,0.0461605619724119,"chr4",83264304,83264305,"-",0.217735326595325,0,"TUTR","proximal pA"
"CORO1C","ENSG00000110880","PAS34837_APA_0.25",0.0342910103394757,0.0926627424185422,5.61934776226008,1,0.0177632582984231,0.0578484830738322,0.188988370261725,0.243836956329212,0.0548485860674876,"chr12",108646571,108646572,"-",0.216412663295468,0,"TUTR","proximal pA"
"CREBZF","ENSG00000137504","PAS31664_ATTAAA_0.25",4.28846093760127e-05,1,1.6508083694689,1,0.198848943396368,0.353741804568275,0.334590873422218,0.267184243133268,-0.0674066302889495,"chr11",85661068,85661069,"-",0.300887558277743,1,"TUTR","proximal pA"
"CREG1","ENSG00000143162","PAS4393_APA_0.2",0.690585886052034,NA,0.3119327241061,1,0.576496603249945,0.722522421081724,0.0792654722142839,0.103660223273971,0.0243947510596868,"chr1",167542116,167542117,"-",0.0914628477441273,0,"TUTR","proximal pA"
"CSDE1","ENSG00000009307","PAS3926_AATAAA_0.4",2.71195132577441e-10,1,0.0367515010584611,1,0.847971871205946,0.914449155548436,0.232392579721537,0.230535211471488,-0.00185736825004934,"chr1",114717984,114717985,"-",0.231463895596513,0,"TUTR","proximal pA"
"CSPG4","ENSG00000173546","PAS39785_APA_0.1",0.125561416207263,NA,3.52141698827018,1,0.0605806332264077,0.149249485076722,0.825849099006432,0.767357884761698,-0.058491214244734,"chr15",75674623,75674624,"-",0.796603491884065,0,"TUTR","proximal pA"
"CSTF2T","ENSG00000177613","PAS28578_AATAAA_0.3",0.823469578125348,NA,0.108332868192207,1,0.742050183041746,0.845856607561513,0.741952776875288,0.707108170975762,-0.034844605899526,"chr10",51697256,51697257,"-",0.724530473925525,0,"TUTR","proximal pA"
"CTC1","ENSG00000178971","PAS43828_APA_0.2",0.721526590074497,NA,0.255379166846296,1,0.613312652181028,0.751510126443664,0.570002784491382,0.534401893942608,-0.0356008905487737,"chr17",8227821,8227822,"-",0.552202339216995,0,"TUTR","proximal pA"
"CTPS2","ENSG00000047230","PAS52548_ATTAAA_0.25",0.98741412264628,NA,0.000867887230015185,1,0.97649777961173,0.987347754942305,0.68046988288028,0.683008511546829,0.00253862866654853,"chrX",16589549,16589550,"-",0.681739197213554,0,"TUTR","proximal pA"
"CUEDC1","ENSG00000180891","PAS44597_None_0.2",0.504029134547896,NA,0.816897781661964,1,0.366088745618643,0.538599530439277,0.538290173179576,0.598400298068421,0.0601101248888445,"chr17",57862861,57862862,"-",0.568345235623999,0,"TUTR","proximal pA"
"CZIB","ENSG00000162384","PAS3409_AATAAA_0.3",0.313266632964896,NA,1.67900657213977,1,0.195056508010057,0.348567747697731,0.329140382887551,0.383748562138403,0.054608179250852,"chr1",53214473,53214474,"-",0.356444472512977,0,"TUTR","proximal pA"
"DARS1","ENSG00000115866","PAS8358_None_0.25",0.0813093493487844,NA,4.4345123328003,1,0.0352192798674616,0.0982861867714513,0.639953699725284,0.687142557688671,0.0471888579633865,"chr2",135907238,135907239,"-",0.663548128706977,0,"TUTR","proximal pA"
"DBN1","ENSG00000113758","PAS17158_AATAAA_0.05",0.320671826953607,NA,1.63748613037569,1,0.200670730258828,0.356252686536404,0.904676167799058,0.934125218967465,0.029449051168407,"chr5",177456919,177456920,"-",0.919400693383261,0,"TUTR","proximal pA"
"DCAF8","ENSG00000132716","PAS4318_AATAAA_0.35",6.60177452082355e-05,1,0.0908212920494407,1,0.763135637894665,0.859650628109701,0.355483278196595,0.34437169670994,-0.0111115814866549,"chr1",160216660,160216661,"-",0.349927487453268,0,"TUTR","proximal pA"
"DCLRE1C","ENSG00000152457","PAS28248_None_0.15",0.94188251450512,NA,0.172050660997229,1,0.67829571406193,0.800241353317126,0.718105134871793,0.70291818848128,-0.0151869463905138,"chr10",14908165,14908166,"-",0.710511661676536,0,"TUTR","proximal pA"
"DDHD1","ENSG00000100523","PAS37609_ATTAAA_0.35",0.60220568241903,NA,0.387818170709579,1,0.533448499068418,0.688257517189899,0.259276301369836,0.305019831450468,0.0457435300806319,"chr14",53046026,53046027,"-",0.282148066410152,0,"TUTR","proximal pA"
"DDX17","ENSG00000100201","PAS51531_None_0.1",0.22851063842971,NA,1.16334671339973,1,0.280772541348948,0.448833331791775,0.263518380148885,0.242294946224059,-0.021223433924826,"chr22",38483655,38483656,"-",0.252906663186472,0,"TUTR","proximal pA"
"DDX51","ENSG00000185163","PAS35276_APA_0.2",0.418735362340309,NA,0.43128547247079,1,0.511358859726622,0.670415855145419,0.255126268049031,0.283990916714149,0.0288646486651181,"chr12",132139003,132139004,"-",0.26955859238159,0,"TUTR","proximal pA"
"DDX6","ENSG00000110367","PAS31900_APA_0.1",0.725923416282425,NA,0.246617932829395,1,0.619466627495096,0.755967424743893,0.113932991756655,0.131416149116156,0.0174831573595011,"chr11",118751910,118751911,"-",0.122674570436406,0,"TUTR","proximal pA"
"DEDD","ENSG00000158796","PAS4349_APA_0.15",0.359054181017359,NA,2.73823071899278,1,0.0979731870647362,0.215249887434309,0.27914447524839,0.207744939621115,-0.0713995356272754,"chr1",161121648,161121649,"-",0.243444707434752,0,"TUTR","proximal pA"
"DENND11","ENSG00000257093","PAS22392_APA_0.15",0.890268252282916,NA,0.0476922839639542,1,0.827128659922425,0.903350839410031,0.493956144524987,0.467772201070533,-0.0261839434544532,"chr7",141660894,141660895,"-",0.48086417279776,0,"TUTR","proximal pA"
"DENND1B","ENSG00000213047","PAS4606_AATAAA_0.35",0.607757521037785,NA,0.509304609692776,1,0.475440040256454,0.639803644659487,0.294805945334133,0.230664680225748,-0.0641412651083845,"chr1",197505555,197505556,"-",0.262735312779941,0,"TUTR","proximal pA"
"DENND5A","ENSG00000184014","PAS30908_AATAAA_0.1",0.598337194547241,NA,0.534631604417882,1,0.464666119169666,0.630389930020315,0.203241753619203,0.23410825545005,0.0308665018308476,"chr11",9139503,9139504,"-",0.218675004534627,0,"TUTR","proximal pA"
"DESI1","ENSG00000100418","PAS51604_APA_0",0.295077801043751,NA,1.80087107150621,1,0.179607222245654,0.32955848605227,0.604163838270543,0.666416894328544,0.062253056058001,"chr22",41600874,41600875,"-",0.635290366299543,0,"TUTR","proximal pA"
"DGCR2","ENSG00000070413","PAS51257_None_0.25",0.803220361244978,NA,0.132592839810513,1,0.715758697404333,0.826837425353408,0.144590386306023,0.16129957185387,0.0167091855478468,"chr22",19037902,19037903,"-",0.152944979079946,0,"TUTR","proximal pA"
"DHX15","ENSG00000109606","PAS13696_APA_0.25",0.850845740525283,NA,0.0797013159744893,1,0.777702586742689,0.868649865593998,0.118486678609386,0.111399964321299,-0.00708671428808672,"chr4",24527763,24527764,"-",0.114943321465342,0,"TUTR","proximal pA"
"DHX33","ENSG00000005100","PAS43753_None_0.05",0.948690811253911,NA,0.0114855721722051,1,0.914653510561476,0.955588765673997,0.56311756918996,0.558121941124531,-0.00499562806542952,"chr17",5442249,5442250,"-",0.560619755157246,0,"TUTR","proximal pA"
"DLC1","ENSG00000164741","PAS23658_None_0.2",0.03094093217292,0.00855878211834007,8.64399993649931,1,0.00328140207207114,0.0146940416943778,0.659287944815084,0.728664457414922,0.0693765125998382,"chr8",13085576,13085577,"-",0.693976201115003,0,"TUTR","proximal pA"
"DLG1","ENSG00000075711","PAS12392_AATAAA_0.2",0.0398072700891527,1,0.0782874820170036,1,0.77963171674068,0.870023799841048,0.786306490840022,0.776148041195826,-0.010158449644196,"chr3",197042927,197042928,"-",0.781227266017924,0,"TUTR","proximal pA"
"DNAJC8","ENSG00000126698","PAS3012_ATTAAA_0.3",0.114824841641903,NA,3.97338931703052,1,0.0462246419253426,0.12127444866421,0.117102039386384,0.0687447714852734,-0.0483572679011106,"chr1",28200884,28200885,"-",0.0929234054358287,0,"TUTR","proximal pA"
"DONSON","ENSG00000159147","PAS50485_AATAAA_0.2",0.82186761977509,NA,0.448205913031074,1,0.503188171220285,0.663624979435449,0.813619363566555,0.769434015725525,-0.0441853478410292,"chr21",33577905,33577906,"-",0.79152668964604,0,"TUTR","proximal pA"
"DPH5","ENSG00000117543","PAS3783_ATTAAA_0.15",0.524685682767293,NA,0.748034261194334,1,0.387099309831248,0.559658252214367,0.812813855115476,0.838811586036713,0.025997730921237,"chr1",100990063,100990064,"-",0.825812720576095,0,"TUTR","proximal pA"
"DPP8","ENSG00000074603","PAS39645_AATAAA_0.1",0.19442207895163,NA,0.131742098924406,1,0.716632565527694,0.82739238534397,0.57951704981539,0.597159372108743,0.0176423222933532,"chr15",65446739,65446740,"-",0.588338210962066,0,"TUTR","proximal pA"
"DRAM2","ENSG00000156171","PAS3851_AATAAA_0.3",0.19442207895163,NA,2.59254486497593,1,0.107367699992415,0.22949669513819,0.771896499487952,0.823388267563918,0.0514917680759664,"chr1",111117907,111117908,"-",0.797642383525935,0,"TUTR","proximal pA"
"DSTYK","ENSG00000133059","PAS4711_APA_0.35",0.66961986760372,NA,0.00430008989860653,1,0.947716137074609,0.971671919937026,0.350850139273918,0.355403999021707,0.00455385974778888,"chr1",205146744,205146745,"-",0.353127069147812,0,"TUTR","proximal pA"
"DUSP11","ENSG00000144048","PAS7903_APA_0.2",0.830978198953756,NA,0.100489403470874,1,0.75124311937121,0.851784151988983,0.212461449400984,0.192586044422117,-0.0198754049788671,"chr2",73762469,73762470,"-",0.202523746911551,0,"TUTR","proximal pA"
"DUSP6","ENSG00000139318","PAS34663_AATAAA_0.4",0.598092953979296,NA,0.536152054812192,1,0.464031829333872,0.630150406899771,0.536812449027237,0.507523690919932,-0.0292887581073049,"chr12",89348325,89348326,"-",0.522168069973585,0,"TUTR","proximal pA"
"DYNC1LI2","ENSG00000135720","PAS41701_None_0.15",0.146167126632668,NA,4.89735212884807,1,0.0268979084487713,0.0799503158163226,0.481311822242014,0.536186812196783,0.0548749899547689,"chr16",66723584,66723585,"-",0.508749317219398,0,"TUTR","proximal pA"
"EDC3","ENSG00000179151","PAS39750_APA_0.25",0.478364137549809,NA,0.904192011968689,1,0.341660159985512,0.513991174785141,0.309782364498248,0.255455990175,-0.0543263743232482,"chr15",74632536,74632537,"-",0.282619177336624,0,"TUTR","proximal pA"
"EEF1A1","ENSG00000156508","PAS19267_ATTAAA_0.05",0.999871189520794,NA,0.00927043530828087,1,0.923295733122528,0.959958119740926,0.782391508943908,0.783821434366553,0.00142992542264464,"chr6",73517514,73517515,"-",0.783106471655231,0,"TUTR","proximal pA"
"EEF1AKMT2","ENSG00000203791","PAS29265_AATAAA_0.3",0.359054181017359,NA,1.1446424759377,1,0.284673481927003,0.453393360721223,0.129617415330696,0.201821099375193,0.0722036840444971,"chr10",124760311,124760312,"-",0.165719257352945,0,"TUTR","proximal pA"
"EFNA5","ENSG00000184349","PAS16552_AATAAA_0.2",0.0281269008063917,0.937571551664074,0.839775101918349,1,0.359461099699326,0.531716548627663,0.651989351256699,0.611639404545497,-0.0403499467112016,"chr5",107378117,107378118,"-",0.631814377901098,0,"TUTR","proximal pA"
"EHD4","ENSG00000103966","PAS39285_APA_0.2",0.742391098968673,NA,0.218500866289105,1,0.640184564692635,0.772364337135663,0.785810053828854,0.765064665618031,-0.0207453882108224,"chr15",41899442,41899443,"-",0.775437359723443,0,"TUTR","proximal pA"
"EIF3A","ENSG00000107581","PAS29200_APA_0.35",0.0163296030345463,0.00916075203516098,8.52023316369741,1,0.00351219487706005,0.0155774341974037,0.776352783629201,0.833640152424682,0.0572873687954805,"chr10",119035852,119035853,"-",0.804996468026941,0,"TUTR","proximal pA"
"ELP1","ENSG00000070061","PAS26333_AATAAA_0.2",0.400639815401129,NA,1.21538165605398,1,0.27026891176586,0.437711182179689,0.885071702067381,0.847356706342907,-0.0377149957244732,"chr9",108868635,108868636,"-",0.866214204205144,0,"TUTR","proximal pA"
"EMB","ENSG00000170571","PAS16203_AATAAA_0.4",0.781338648446232,NA,0.73359034596615,1,0.391721887393876,0.563693124035886,0.150761646016079,0.205837730350369,0.0550760843342895,"chr5",50398642,50398643,"-",0.178299688183224,0,"TUTR","proximal pA"
"ENAH","ENSG00000154380","PAS4907_AATAAA_0.4",0.00137954939100359,1,0.884937498635736,1,0.34685289506352,0.518565800030054,0.660004427612648,0.685397145512169,0.025392717899521,"chr1",225495551,225495552,"-",0.672700786562409,0,"TUTR","proximal pA"
"ENSG00000264058","ENSG00000264058","PAS44249_APA_0.15",0.331477419389114,NA,2.21559398817772,1,0.13662246914575,0.272589290373863,0.750731870054366,0.782739575443652,0.0320077053892863,"chr17",40628723,40628724,"-",0.766735722749009,0,"TUTR","proximal pA"
"ENSG00000285330","ENSG00000285330","PAS14168_APA_0.35",0.52833339819333,NA,0.736810263704683,1,0.3906845841876,0.562947458092486,0.293724537160395,0.354109391610149,0.0603848544497548,"chr4",109714275,109714276,"-",0.323916964385272,0,"TUTR","proximal pA"
"ENSG00000285982","ENSG00000285982","PAS24351_AATAAA_0.1",0.752182865532791,NA,0.203484050427505,1,0.651923196973039,0.781095346856657,0.175443603960206,0.196840282535948,0.0213966785757413,"chr8",103399420,103399421,"-",0.186141943248077,0,"TUTR","proximal pA"
"ENTR1","ENSG00000165689","PAS26713_APA_0.2",0.241712752140306,NA,2.20069303825039,1,0.137948704600725,0.274400258784659,0.31022792285383,0.247949139057131,-0.0622787837966993,"chr9",136402666,136402667,"-",0.279088530955481,0,"TUTR","proximal pA"
"EPHA2","ENSG00000142627","PAS2785_APA_0.2",0.0616913349407715,NA,5.03348384234596,1,0.024861839613177,0.0751514794160911,0.0756644094873208,0.117696613807035,0.0420322043197138,"chr1",16124620,16124621,"-",0.0966805116471777,0,"TUTR","proximal pA"
"EPM2AIP1","ENSG00000178567","PAS11036_AATAAA_0.2",0.261336222080682,NA,3.45020117522017,1,0.0632440715987546,0.154066132745396,0.793102662886747,0.857875140272852,0.0647724773861056,"chr3",36988890,36988891,"-",0.8254889015798,0,"TUTR","proximal pA"
"ERGIC2","ENSG00000087502","PAS33995_APA_0.3",0.446368948307427,NA,0.574883358625812,1,0.448324898867195,0.616251389981918,0.50955084968017,0.524726780121495,0.015175930441325,"chr12",29340997,29340998,"-",0.517138814900833,0,"TUTR","proximal pA"
"ERP44","ENSG00000023318","PAS26301_AATAAA_0.15",0.271645475148227,NA,2.28508006661468,1,0.130623400854662,0.263515641271984,0.850743636431366,0.895017256274844,0.0442736198434788,"chr9",99982481,99982482,"-",0.872880446353105,0,"TUTR","proximal pA"
"ETS1","ENSG00000134954","PAS31987_ATTAAA_0.2",0.394196297287631,NA,0.859357199797614,1,0.353918637162113,0.526436828107241,0.0663449152425872,0.0855213837681439,0.0191764685255567,"chr11",128461494,128461495,"-",0.0759331495053655,0,"TUTR","proximal pA"
"ETV1","ENSG00000006468","PAS21355_AATAAA_0.3",0.0221504808474288,1,0.0123925320967828,1,0.91136120833138,0.953908085396297,0.604570360241184,0.609814285051764,0.00524392481057945,"chr7",13894116,13894117,"-",0.607192322646474,0,"TUTR","proximal pA"
"EXOC5","ENSG00000070367","PAS37655_AATAAA_0.4",0.0678102407379568,NA,1.62842741805252,1,0.201920696762179,0.35798283746134,0.669194569945533,0.707398222735024,0.038203652789491,"chr14",57206804,57206805,"-",0.688296396340278,0,"TUTR","proximal pA"
"EXOC8","ENSG00000116903","PAS4997_APA_0.05",0.395755657579475,NA,1.24033968398703,1,0.265405598481021,0.432393159204119,0.136753329154697,0.078202682785751,-0.0585506463689455,"chr1",231333111,231333112,"-",0.107478005970224,0,"TUTR","proximal pA"
"EXT1","ENSG00000182197","PAS24434_ATTAAA_0.25",0.130409872888594,NA,3.43106541923953,1,0.0639808137327884,0.155314407843749,0.806711223443831,0.846281896391347,0.039570672947516,"chr8",117799366,117799367,"-",0.826496559917589,0,"TUTR","proximal pA"
"EXTL2","ENSG00000162694","PAS3778_APA_0.3",0.4245308021682,NA,1.11094786824879,1,0.291875995816935,0.459939735234412,0.39176358136865,0.462863693352693,0.0711001119840434,"chr1",100873915,100873916,"-",0.427313637360671,0,"TUTR","proximal pA"
"EZR","ENSG00000092820","PAS19820_ATTAAA_0.2",0.0566568997244979,NA,5.9925394772963,1,0.0143665053782003,0.0491072588617076,0.116733376009348,0.167710773390409,0.0509773973810604,"chr6",158766556,158766557,"-",0.142222074699878,0,"TUTR","proximal pA"
"FADS1","ENSG00000149485","PAS31265_APA_0.3",0.724536626997245,NA,0.00372541024444217,1,0.951330428063682,0.973553000255804,0.557009271687076,0.558633426329882,0.00162415464280674,"chr11",61800187,61800188,"-",0.557821349008479,0,"TUTR","proximal pA"
"FAM114A2","ENSG00000055147","PAS16999_AATAAA_0.3",0.761881679460174,NA,0.188529396797776,1,0.664143416450577,0.78948554656722,0.589612027277218,0.623379836190831,0.033767808913614,"chr5",153992495,153992496,"-",0.606495931734024,0,"TUTR","proximal pA"
"FAM168B","ENSG00000152102","PAS8335_APA_0.3",0.828272857236796,NA,0.103715891768843,1,0.747415181561614,0.849368068960029,0.0825687823986243,0.090954149257851,0.00838536685922664,"chr2",131052199,131052200,"-",0.0867614658282376,0,"TUTR","proximal pA"
"FAM204A","ENSG00000165669","PAS29185_APA_0.1",0.593577547729666,NA,2.78702873063503,1,0.0950302821161148,0.210203817980113,0.683877293499934,0.749407910195234,0.0655306166953004,"chr10",118310720,118310721,"-",0.716642601847584,0,"TUTR","proximal pA"
"FBXL3","ENSG00000005812","PAS36172_ATTAAA_0.3",0.892172658185207,NA,0.046010283094688,1,0.830157106811125,0.904807529776208,0.107691063811348,0.118699630303334,0.0110085664919866,"chr13",77007078,77007079,"-",0.113195347057341,0,"TUTR","proximal pA"
"FBXO11","ENSG00000138081","PAS7665_None_0.2",0.415179045809773,NA,0.403977386319639,1,0.525042284671662,0.682350469432971,0.174386540802778,0.198577462348875,0.0241909215460968,"chr2",47807628,47807629,"-",0.186482001575827,0,"TUTR","proximal pA"
"FBXO17","ENSG00000269190","PAS48142_APA_0.3",0.120217067908724,NA,3.61531714753437,1,0.057249805180625,0.143075036453903,0.734973612700823,0.77879874400362,0.0438251313027972,"chr19",38942260,38942261,"-",0.756886178352222,0,"TUTR","proximal pA"
"FBXO31","ENSG00000103264","PAS42020_ATTAAA_0.2",0.89723245191928,NA,0.0401456699510163,1,0.841196034466722,0.910292890639581,0.865433959524692,0.876583488930957,0.0111495294062648,"chr16",87329337,87329338,"-",0.871008724227824,0,"TUTR","proximal pA"
"FBXO33","ENSG00000165355","PAS37482_APA_0.2",0.607757521037785,NA,0.508572179557177,1,0.475757602699828,0.640032428815555,0.776926650601596,0.80304473119161,0.0261180805900141,"chr14",39398454,39398455,"-",0.789985690896603,0,"TUTR","proximal pA"
"FBXO42","ENSG00000037637","PAS2797_None_0.15",0.880595126545348,NA,0.138560842127276,1,0.709715942245705,0.823122613795383,0.770184457836593,0.793588963763571,0.0234045059269778,"chr1",16250661,16250662,"-",0.781886710800082,0,"TUTR","proximal pA"
"FCHSD2","ENSG00000137478","PAS31550_ATTAAA_0.15",0.669274187392242,NA,0.358479150969288,1,0.549352091653833,0.701611421012005,0.127184435123326,0.162092392254941,0.0349079571316158,"chr11",72837069,72837070,"-",0.144638413689134,0,"TUTR","proximal pA"
"FEZ2","ENSG00000171055","PAS7525_ATTAAA_0.3",0.164149744088907,NA,0.0579779409918046,1,0.809720911293537,0.891266469315377,0.167888892778816,0.162228242604911,-0.00566065017390424,"chr2",36552530,36552531,"-",0.165058567691864,0,"TUTR","proximal pA"
"FGD1","ENSG00000102302","PAS52748_APA_0.25",0.557747010128519,NA,0.650974343490361,1,0.419764541623633,0.590274041511599,0.165739168028111,0.125051046318941,-0.0406881217091694,"chrX",54445903,54445904,"-",0.145395107173526,0,"TUTR","proximal pA"
"FKBP14","ENSG00000106080","PAS21526_AATAAA_0.4",0.811971738605982,NA,0.53298603921985,1,0.46535416498943,0.631060207274641,0.489210092590258,0.533560259160205,0.0443501665699463,"chr7",30013729,30013730,"-",0.511385175875231,0,"TUTR","proximal pA"
"FMNL3","ENSG00000161791","PAS34209_APA_0.35",0.559496758985477,NA,1.16960895723059,1,0.279481603829899,0.447562652059867,0.62116780692273,0.675323948698174,0.0541561417754439,"chr12",49644952,49644953,"-",0.648245877810452,0,"TUTR","proximal pA"
"FNIP1","ENSG00000217128","PAS16707_AATAAA_0.2",0.440652372761151,NA,1.04312288427127,1,0.30709628231018,0.476196844816775,0.233184904126956,0.193641326658877,-0.0395435774680781,"chr5",131641955,131641956,"-",0.213413115392917,0,"TUTR","proximal pA"
"FOXL2","ENSG00000183770","PAS11911_AATAAA_0.25",0.986763738325044,NA,0.00096352466425742,1,0.975237086431392,0.986687822423926,0.506104438179254,0.507824521686615,0.0017200835073613,"chr3",138944617,138944618,"-",0.506964479932934,0,"TUTR","proximal pA"
"FOXP1","ENSG00000114861","PAS11453_None_0.2",0.428819922616041,NA,2.91039695031941,1,0.0880102104822837,0.199386641540034,0.37821262168869,0.421355975172574,0.0431433534838843,"chr3",70959140,70959141,"-",0.399784298430632,0,"TUTR","proximal pA"
"FRMD4A","ENSG00000151474","PAS28234_AATAAA_0.4",0.0036237764410388,1,0.0222421999314975,1,0.881444591020701,0.934385587420122,0.577328732504863,0.583459338524231,0.00613060601936777,"chr10",13646309,13646310,"-",0.580394035514547,0,"TUTR","proximal pA"
"FRMD4B","ENSG00000114541","PAS11444_APA_0.25",0.966236363770667,NA,0.00517442018015402,1,0.942654875543473,0.96879999179586,0.350817784476957,0.361784002131744,0.0109662176547873,"chr3",69170481,69170482,"-",0.356300893304351,0,"TUTR","proximal pA"
"FTSJ3","ENSG00000108592","PAS44720_None_0.1",0.980526431397584,NA,0.00190497910898557,1,0.965186531014929,0.981708013780946,0.58988999138796,0.588362024392745,-0.00152796699521485,"chr17",63819754,63819755,"-",0.589126007890353,0,"TUTR","proximal pA"
"FZD5","ENSG00000163251","PAS8811_None_0.15",0.841083649052391,NA,0.0896275672571107,1,0.76465116164252,0.860343180515507,0.407131011416781,0.450554313163754,0.0434233017469732,"chr2",207766543,207766544,"-",0.428842662290268,0,"TUTR","proximal pA"
"GANAB","ENSG00000089597","PAS31288_None_0.25",0.525195052365055,NA,0.746467295124603,1,0.387597016117556,0.560111046167436,0.0891298229733362,0.0766980878788222,-0.012431735094514,"chr11",62625043,62625044,"-",0.0829139554260792,0,"TUTR","proximal pA"
"GCLM","ENSG00000023909","PAS3728_AATAAA_0.45",0.65872906127581,NA,0.702379462902172,1,0.401985313473215,0.573578386428393,0.44785772612182,0.493318180243196,0.0454604541213766,"chr1",93888456,93888457,"-",0.470587953182508,0,"TUTR","proximal pA"
"GDE1","ENSG00000006007","PAS41372_ATTAAA_0.2",0.854419798611411,NA,0.664735643930271,1,0.414893044415527,0.585790539387212,0.337800381086738,0.379804322997225,0.0420039419104876,"chr16",19502022,19502023,"-",0.358802352041981,0,"TUTR","proximal pA"
"GGA2","ENSG00000103365","PAS41426_AATAAA_0.15",0.641780698059225,NA,0.717878843803646,1,0.396840569432084,0.568622797316828,0.272795021230836,0.311352315586898,0.038557294356062,"chr16",23466590,23466591,"-",0.292073668408867,0,"TUTR","proximal pA"
"GIGYF1","ENSG00000146830","PAS22056_APA_0.2",0.721335619607123,NA,0.257263770670761,1,0.612006243619686,0.751294003774379,0.220723094914413,0.244911320958111,0.0241882260436979,"chr7",100681284,100681285,"-",0.232817207936262,0,"TUTR","proximal pA"
"GJC1","ENSG00000182963","PAS44393_ATTAAA_0.35",0.738540721278126,NA,0.224910292477944,1,0.635323724353565,0.768209219941734,0.10164928559852,0.114170764088505,0.0125214784899849,"chr17",44804222,44804223,"-",0.107910024843512,0,"TUTR","proximal pA"
"GK5","ENSG00000175066","PAS11929_ATTAAA_0.2",0.840656294419908,NA,0.0902572261760497,1,0.7638504001863,0.859931887100604,0.233300533917965,0.207660591407268,-0.025639942510697,"chr3",142163912,142163913,"-",0.220480562662616,0,"TUTR","proximal pA"
"GLI3","ENSG00000106571","PAS21615_None_0.15",0.900538446176277,NA,0.208882907743828,1,0.64764438179981,0.777711804299271,0.616757603526412,0.596876130148835,-0.019881473377577,"chr7",41964064,41964065,"-",0.606816866837624,0,"TUTR","proximal pA"
"GLO1","ENSG00000124767","PAS19039_APA_0.15",0.487197152547139,NA,0.000445631823822623,1,0.983157913045002,0.991232193573612,0.078263248837829,0.0780194035847003,-0.000243845253128705,"chr6",38677034,38677035,"-",0.0781413262112646,0,"TUTR","proximal pA"
"GNA13","ENSG00000120063","PAS44771_AATAAA_0.2",0.422843098582986,NA,1.11793820456705,1,0.290362845334833,0.458443546025502,0.7270271987824,0.678954507179129,-0.0480726916032713,"chr17",65010715,65010716,"-",0.702990852980765,0,"TUTR","proximal pA"
"GNAQ","ENSG00000156052","PAS26112_APA_0.3",0.250995663224464,NA,0.80308187456194,1,0.370173534126385,0.542401553832524,0.522321883116195,0.570397606012848,0.0480757228966533,"chr9",77719116,77719117,"-",0.546359744564522,0,"TUTR","proximal pA"
"GNB5","ENSG00000069966","PAS39434_ATTAAA_0.3",0.895939307713752,NA,0.00072106974334929,1,0.978577186473188,0.98839602928689,0.366238107687863,0.364053973346002,-0.00218413434186071,"chr15",52121490,52121491,"-",0.365146040516932,0,"TUTR","proximal pA"
"GNG12","ENSG00000172380","PAS3525_AATAAA_0.3",0.391270258390683,NA,0.298988682492109,1,0.584517121651844,0.728469797624081,0.0903079722781186,0.0768848446778402,-0.0134231276002785,"chr1",67704725,67704726,"-",0.0835964084779794,0,"TUTR","proximal pA"
"GNPDA1","ENSG00000113552","PAS16888_None_0.2",0.118227894714622,NA,3.65018461995714,1,0.0560629966207904,0.140774769121172,0.148367350378334,0.193575898976762,0.0452085485984286,"chr5",142001808,142001809,"-",0.170971624677548,0,"TUTR","proximal pA"
"GNPDA2","ENSG00000163281","PAS13782_AATAAA_0.4",0.80143602755725,NA,0.134804098282359,1,0.713502078768346,0.825389150236687,0.5528272319563,0.590053587318041,0.0372263553617408,"chr4",44702147,44702148,"-",0.571440409637171,0,"TUTR","proximal pA"
"GOLGA8A","ENSG00000175265","PAS39197_AATAAA_0.4",0.690446821271658,NA,0.313111178882536,1,0.57577728731216,0.72247475105913,0.104672154325063,0.085483934452611,-0.0191882198724521,"chr15",34379299,34379300,"-",0.0950780443888371,0,"TUTR","proximal pA"
"GOLIM4","ENSG00000173905","PAS12086_AATAAA_0.35",0.556815132503712,NA,0.653267007293152,1,0.4189470552651,0.589584631429391,0.116663936104327,0.154415431397257,0.03775149529293,"chr3",168009001,168009002,"-",0.135539683750792,0,"TUTR","proximal pA"
"GPATCH8","ENSG00000186566","PAS44383_AATAAA_0.45",0.475223452048736,NA,0.914977358998385,1,0.338797218931926,0.510569566874483,0.17228901067138,0.219662765300585,0.0473737546292054,"chr17",44396547,44396548,"-",0.195975887985982,0,"TUTR","proximal pA"
"GTF2A1","ENSG00000165417","PAS37947_ATTAAA_0.45",0.00622848291995313,0.293986186042395,2.51576251369079,1,0.112713101782629,0.236990724430013,0.837285616253325,0.762714114597462,-0.0745715016558633,"chr14",81176148,81176149,"-",0.799999865425394,1,"TUTR","proximal pA"
"HDGF","ENSG00000143321","PAS4291_AATAAA_0.35",0.956395888105686,NA,0.00856304592525703,1,0.926271612114039,0.961516631177408,0.35444998283338,0.352235096832447,-0.00221488600093223,"chr1",156742525,156742526,"-",0.353342539832914,0,"TUTR","proximal pA"
"HEATR1","ENSG00000119285","PAS5070_APA_0.2",0.0457188410739398,0,5.67931965202752,1,0.0171660229313917,0.056423707099318,0.894564837898149,0.950100214035178,0.0555353761370284,"chr1",236550664,236550665,"-",0.922332525966663,0,"TUTR","proximal pA"
"HEATR6","ENSG00000068097","PAS44656_AATAAA_0.2",0.863644558193588,NA,0.0863291982768715,1,0.768896744287813,0.863226066208033,0.679519561430502,0.690481557131528,0.010961995701027,"chr17",60043194,60043195,"-",0.685000559281015,0,"TUTR","proximal pA"
"HELZ","ENSG00000198265","PAS44787_AATAAA_0.35",0.766291628907343,NA,0.181338524348575,1,0.670225448478645,0.794103957120793,0.630710761573525,0.651386118851852,0.0206753572783271,"chr17",67077751,67077752,"-",0.641048440212688,0,"TUTR","proximal pA"
"HERPUD2","ENSG00000122557","PAS21582_AATAAA_0.35",0.524685682767293,NA,0.747995368522879,1,0.387111652054216,0.559658252214367,0.2967077924907,0.338344118138266,0.0416363256475655,"chr7",35632923,35632924,"-",0.317525955314483,0,"TUTR","proximal pA"
"HIVEP2","ENSG00000010818","PAS19717_ATTAAA_0.35",0.624406339357998,NA,0.465287836572543,1,0.495163009195358,0.657075679174286,0.192368603582595,0.158430296768397,-0.0339383068141985,"chr6",142752255,142752256,"-",0.175399450175496,0,"TUTR","proximal pA"
"HLCS","ENSG00000159267","PAS50517_ATTAAA_0.3",0.948600804121316,NA,0.0807739940197223,1,0.776251245559068,0.868037935761807,0.393364300605046,0.431911943085904,0.0385476424808586,"chr21",36752703,36752704,"-",0.412638121845475,0,"TUTR","proximal pA"
"HMGB1","ENSG00000189403","PAS35931_APA_0.15",0.135611588394134,NA,1.26291192955841,1,0.261100620946749,0.427827273227984,0.660277140559148,0.608787297894867,-0.0514898426642808,"chr13",30460895,30460896,"-",0.634532219227008,0,"TUTR","proximal pA"
"HMGCS1","ENSG00000112972","PAS16176_ATTAAA_0.35",0.950275369781096,NA,0.0109925746523913,1,0.916498421166582,0.956643014984602,0.0744834603311099,0.0773797174103463,0.00289625707923646,"chr5",43290753,43290754,"-",0.0759315888707281,0,"TUTR","proximal pA"
"HNRNPF","ENSG00000169813","PAS28528_ATTAAA_0.3",0.369135567063108,NA,0.106865263822328,1,0.743741607813327,0.847127921948164,0.0872191129101746,0.0927642641806064,0.00554515127043176,"chr10",43386494,43386495,"-",0.0899916885453905,0,"TUTR","proximal pA"
"HNRNPUL2","ENSG00000214753","PAS31299_APA_0.35",0.254563655447582,NA,0.0842129260645379,1,0.771667340514346,0.865216879382491,0.132697921899147,0.141843743188022,0.00914582128887509,"chr11",62715047,62715048,"-",0.137270832543584,0,"TUTR","proximal pA"
"HOMEZ","ENSG00000290292","PAS37347_APA_0.3",0.612420340848376,NA,0.497445085426648,1,0.480624885726516,0.644500024642205,0.742255444965289,0.799179662650727,0.0569242176854383,"chr14",23275487,23275488,"-",0.770717553808008,0,"TUTR","proximal pA"
"HOXB4","ENSG00000182742","PAS44491_AATAAA_0.2",0.957910592628004,NA,0.00783451042491379,1,0.929469135309893,0.962987197498564,0.25345353340699,0.258628281794621,0.00517474838763177,"chr17",48575741,48575742,"-",0.256040907600806,0,"TUTR","proximal pA"
"HRK","ENSG00000135116","PAS34979_APA_0.35",0.690446821271658,NA,0.313512187306515,1,0.575532921454493,0.72247475105913,0.791152538523006,0.80826824805934,0.0171157095363335,"chr12",116861228,116861229,"-",0.799710393291173,0,"TUTR","proximal pA"
"HSD17B11","ENSG00000198189","PAS14049_AATAAA_0.3",0.571806292870073,NA,0.610393797879624,1,0.434639576808208,0.604011620355105,0.269622089886557,0.244570801018223,-0.0250512888683334,"chr4",87336841,87336842,"-",0.25709644545239,0,"TUTR","proximal pA"
"HSPA13","ENSG00000155304","PAS50394_AATAAA_0.2",0.90730452195026,NA,0.0329430927693011,1,0.855973310993608,0.919086619287921,0.139178312396076,0.148312789249412,0.00913447685333546,"chr21",14372798,14372799,"-",0.143745550822744,0,"TUTR","proximal pA"
"IGF2BP2","ENSG00000073792","PAS12243_APA_0.3",0.000466695748787476,0.20037785466227,4.2866834733868,1,0.0384120251219495,0.10521062574446,0.0972580302591376,0.119310655089861,0.022052624830723,"chr3",185644399,185644400,"-",0.108284342674499,0,"TUTR","proximal pA"
"IGF2BP3","ENSG00000136231","PAS21420_ATTAAA_0.35",0.0975953779748871,NA,3.7113956708672,1,0.0540421848554495,0.13692418896644,0.625211201929885,0.678520858525757,0.053309656595873,"chr7",23311114,23311115,"-",0.651866030227821,0,"TUTR","proximal pA"
"IL1A","ENSG00000115008","PAS8238_AATAAA_0.25",0.53038237121076,NA,1.45045133436633,1,0.228455545904706,0.389887477883009,0.235522024431116,0.205544456366046,-0.0299775680650694,"chr2",112774202,112774203,"-",0.220533240398581,0,"TUTR","proximal pA"
"IL6ST","ENSG00000134352","PAS16232_ATTAAA_0.15",0.370035845246659,NA,2.56376361473122,1,0.109338009892155,0.231993400085866,0.139804243941746,0.0917018336547178,-0.0481024102870278,"chr5",55938338,55938339,"-",0.115753038798232,0,"TUTR","proximal pA"
"IMPA1","ENSG00000133731","PAS24111_AATAAA_0.3",0.00787676334876114,1,0.0211599593840219,1,0.884344037670453,0.936092488907211,0.750139977592259,0.743531480343646,-0.00660849724861379,"chr8",81657953,81657954,"-",0.746835728967952,0,"TUTR","proximal pA"
"INIP","ENSG00000148153","PAS26393_AATAAA_0.4",0.507744613905732,NA,0.804590933714735,1,0.369724290710585,0.542011316544593,0.309094868128124,0.236299236489855,-0.0727956316382687,"chr9",112686968,112686969,"-",0.27269705230899,0,"TUTR","proximal pA"
"IPO8","ENSG00000133704","PAS34001_APA_0.25",0.0249690067252163,0,6.98402530569092,1,0.00822404289092961,0.0317376839085608,0.0500261183753918,0.109907845854418,0.0598817274790258,"chr12",30630394,30630395,"-",0.0799669821149047,0,"TUTR","proximal pA"
"IQCB1","ENSG00000173226","PAS11695_AATAAA_0.4",0.642951156041342,NA,0.419303779490292,1,0.517284649322373,0.675100305047843,0.659090909090909,0.70454521454301,0.045454305452101,"chr3",121769998,121769999,"-",0.681818061816959,0,"TUTR","proximal pA"
"IRF2BP2","ENSG00000168264","PAS5024_APA_0.2",0.229548585374196,NA,2.45710609563321,1,0.116994152756136,0.243246621152085,0.608879933740343,0.658578558768319,0.0496986250279761,"chr1",234606748,234606749,"-",0.633729246254331,0,"TUTR","proximal pA"
"IRF2BPL","ENSG00000119669","PAS37910_APA_0.15",0.408192382725851,NA,1.18184058981751,1,0.276981606384479,0.444982918997682,0.104443977772968,0.129578516334905,0.0251345385619367,"chr14",77024974,77024975,"-",0.117011247053937,0,"TUTR","proximal pA"
"IRGQ","ENSG00000167378","PAS48261_AATAAA_0.25",0.482724762954087,NA,0.885913508922044,1,0.346587115996656,0.518347102685264,0.12725599461674,0.176980236117007,0.0497242415002674,"chr19",43589089,43589090,"-",0.152118115366873,0,"TUTR","proximal pA"
"ISG20L2","ENSG00000143319","PAS4286_ATTAAA_0.2",0.675491999079029,NA,0.0285497977954492,1,0.865822713061571,0.925492932895533,0.238392165065983,0.247639100579548,0.00924693551356515,"chr1",156722240,156722241,"-",0.243015632822765,0,"TUTR","proximal pA"
"ISY1","ENSG00000240682","PAS11795_None_0.1",0.213488591498883,NA,4.18584504560476,1,0.0407628859611721,0.110280132019279,0.278232774647967,0.205039878482232,-0.0731928961657351,"chr3",129129828,129129829,"-",0.2416363265651,0,"TUTR","proximal pA"
"ITGB5","ENSG00000082781","PAS11731_AATAAA_0.2",0.50329712070199,NA,0.820506420526272,1,0.36503214198592,0.537470385116955,0.822323846487276,0.862243589330577,0.0399197428433005,"chr3",124763163,124763164,"-",0.842283717908927,0,"TUTR","proximal pA"
"IVNS1ABP","ENSG00000116679","PAS4566_AATAAA_0.25",0.355480518220364,NA,0.962846927081046,1,0.326470637363231,0.497094650534219,0.61588641008263,0.651267802563737,0.0353813924811065,"chr1",185297765,185297766,"-",0.633577106323183,0,"TUTR","proximal pA"
"JAZF1","ENSG00000153814","PAS21505_AATAAA_0.25",0.746090496032129,NA,0.212750989504457,1,0.644619698490838,0.775622426739005,0.152497369352584,0.17836663805579,0.0258692687032066,"chr7",27832501,27832502,"-",0.165432003704187,0,"TUTR","proximal pA"
"JUN","ENSG00000177606","PAS3460_AATAAA_0.05",0.544952197304015,NA,0.685357645005752,1,0.40774792067876,0.578502365001385,0.814080988900204,0.835460196695526,0.021379207795322,"chr1",58781486,58781487,"-",0.824770592797865,0,"TUTR","proximal pA"
"KANK2","ENSG00000197256","PAS47739_APA_0.35",0.855068221800544,NA,0.075461332584382,1,0.783544993402126,0.872520195031821,0.127583699947001,0.138569380297738,0.0109856803507365,"chr19",11165725,11165726,"-",0.133076540122369,0,"TUTR","proximal pA"
"KCNJ8","ENSG00000121361","PAS33912_AATAAA_0.25",0.755224989067657,NA,0.199419307863309,1,0.655189972784953,0.783638521677774,0.787854894846098,0.816400192646446,0.0285452978003475,"chr12",21765550,21765551,"-",0.802127543746272,0,"TUTR","proximal pA"
"KCTD1","ENSG00000134504","PAS45688_AATAAA_0.4",0.849785596463699,NA,0.0809196146004751,1,0.776055024424909,0.868037935761807,0.421382303836359,0.457013250175134,0.0356309463387752,"chr18",26455609,26455610,"-",0.439197777005746,0,"TUTR","proximal pA"
"KDELR1","ENSG00000105438","PAS48388_APA_0.2",0.261896876423652,NA,2.04624639279791,1,0.152581972434556,0.295117301916004,0.153326827902767,0.171223075589716,0.0178962476869488,"chr19",48383053,48383054,"-",0.162274951746242,0,"TUTR","proximal pA"
"KDM5A","ENSG00000073614","PAS33695_None_0.2",0.132513345575362,NA,1.6808108180976,1,0.194816748701465,0.348282779344988,0.450708657718529,0.41094882044506,-0.0397598372734684,"chr12",284667,284668,"-",0.430828739081795,0,"TUTR","proximal pA"
"KDM7A","ENSG00000006459","PAS22372_ATTAAA_0.2",0.751180166889233,NA,0.205161088874718,1,0.65058682338586,0.780212545638208,0.270907537701215,0.330705694434829,0.0597981567336139,"chr7",140090216,140090217,"-",0.300806616068022,0,"TUTR","proximal pA"
"KDSR","ENSG00000119537","PAS45897_ATTAAA_0.3",0.000603933164003984,0.378552416455106,3.22396346926689,1,0.072567724389287,0.171321443664331,0.777776832325285,0.816164584061261,0.0383877517359759,"chr18",63330730,63330731,"-",0.796970708193273,0,"TUTR","proximal pA"
"KIAA1143","ENSG00000163807","PAS11109_APA_0.15",0.741857963355104,NA,0.0122772244687894,1,0.91177285383972,0.954117316512329,0.316378657523845,0.309717327444426,-0.00666133007941927,"chr3",44753036,44753037,"-",0.313047992484135,0,"TUTR","proximal pA"
"KIAA2013","ENSG00000116685","PAS2750_AATAAA_0.3",0.785405989647058,NA,0.155500924565331,1,0.693332947055976,0.811142824781031,0.41972321681425,0.442334810427738,0.0226115936134886,"chr1",11920058,11920059,"-",0.431029013620994,0,"TUTR","proximal pA"
"KIF1A","ENSG00000130294","PAS9054_None_0.15",0.63455685319141,NA,0.438424757766484,1,0.507883739193876,0.667517533393587,0.232222100013068,0.1869491145942,-0.0452729854188672,"chr2",240717187,240717188,"-",0.209585607303634,0,"TUTR","proximal pA"
"KIFAP3","ENSG00000075945","PAS4418_APA_0.05",0.306893152492694,NA,1.71910945990112,1,0.189807717384405,0.342100806969981,0.182656089360561,0.25750793276271,0.0748518434021495,"chr1",169921580,169921581,"-",0.220082011061636,0,"TUTR","proximal pA"
"KIN","ENSG00000151657","PAS28182_ATTAAA_0.25",0.926784075494143,NA,0.0209058946685445,1,0.885035612739814,0.936247436808682,0.278428380623668,0.290397150325966,0.0119687697022983,"chr10",7756037,7756038,"-",0.284412765474817,0,"TUTR","proximal pA"
"KLF6","ENSG00000067082","PAS28111_APA_0.3",0.264988678376939,NA,2.01924530499309,1,0.155316319077374,0.298014279086098,0.878160235672893,0.848761658690071,-0.029398576982822,"chr10",3779016,3779017,"-",0.863460947181482,0,"TUTR","proximal pA"
"KRAS","ENSG00000133703","PAS33935_APA_0.35",0.645781847322674,NA,2.35937122577343,1,0.124532374706516,0.254481751265058,0.478725633561729,0.519929519753103,0.0412038861913741,"chr12",25209768,25209769,"-",0.499327576657416,0,"TUTR","proximal pA"
"KRR1","ENSG00000111615","PAS34577_ATTAAA_0.25",0.152106904391148,NA,0.642410568580999,1,0.422839241054692,0.592357309058533,0.413274323440507,0.441564361933333,0.028290038492826,"chr12",75498646,75498647,"-",0.42741934268692,0,"TUTR","proximal pA"
"LANCL1","ENSG00000115365","PAS8824_APA_0.25",0.953524294868989,NA,0.00990912835186464,1,0.92070587420704,0.9589519402158,0.0779189873469149,0.07507680537981,-0.00284218196710495,"chr2",210434102,210434103,"-",0.0764978963633625,0,"TUTR","proximal pA"
"LATS2","ENSG00000150457","PAS35854_APA_0.25",0.586066515006712,NA,0.588920108247294,1,0.442837010224563,0.610966710565334,0.529635865435557,0.496915923574589,-0.032719941860968,"chr13",20974418,20974419,"-",0.513275894505073,0,"TUTR","proximal pA"
"LBR","ENSG00000143815","PAS4900_AATAAA_0.45",0.177778757535848,NA,2.81709185305044,1,0.0932652430543717,0.207889792371795,0.0916163490802488,0.145061832084937,0.0534454830046884,"chr1",225402549,225402550,"-",0.118339090582593,0,"TUTR","proximal pA"
"LDB1","ENSG00000198728","PAS29045_ATTAAA_0.15",0.852312951214729,NA,0.078312154671039,1,0.779597891338462,0.870023799841048,0.897458945243727,0.88595225209486,-0.0115066931488668,"chr10",102107559,102107560,"-",0.891705598669294,0,"TUTR","proximal pA"
"LIMA1","ENSG00000050405","PAS34224_APA_0.3",0.0273026403270453,0,6.79920681924705,1,0.00911983790816273,0.0345290807968931,0.111252658750495,0.176137277037692,0.0648846182871969,"chr12",50177341,50177342,"-",0.143694967894094,0,"TUTR","proximal pA"
"LIN9","ENSG00000183814","PAS4935_AATAAA_0.45",0.778222276737404,NA,0.16450378729931,1,0.685043389201469,0.805354559913156,0.257674423500942,0.299106438820631,0.0414320153196895,"chr1",226231874,226231875,"-",0.278390431160787,0,"TUTR","proximal pA"
"LITAF","ENSG00000189067","PAS41298_APA_0.25",0.317426650155907,NA,3.23009223630288,1,0.0722966166273328,0.170836366837022,0.673730651008741,0.711650176151312,0.0379195251425709,"chr16",11548575,11548576,"-",0.692690413580026,0,"TUTR","proximal pA"
"LLPH","ENSG00000139233","PAS34511_APA_0.1",0.517786301200403,NA,0.771952128111479,1,0.379613822566677,0.552361620742054,0.405846768161834,0.444923070763989,0.039076302602155,"chr12",66123726,66123727,"-",0.425384919462911,0,"TUTR","proximal pA"
"LMAN2","ENSG00000169223","PAS17150_AATAAA_0.15",0.517786301200403,NA,0.771850641018318,1,0.379645149920612,0.552361620742054,0.426323526095614,0.448592495809918,0.0222689697143041,"chr5",177331954,177331955,"-",0.437458010952766,0,"TUTR","proximal pA"
"LMBR1","ENSG00000105983","PAS22472_AATAAA_0.25",0.908323024489127,NA,0.0320473425823877,1,0.85792379117371,0.919769508530524,0.349994548171573,0.381617541814096,0.0316229936425236,"chr7",156682431,156682432,"-",0.365806044992835,0,"TUTR","proximal pA"
"LMNB2","ENSG00000176619","PAS47506_None_0.1",0.0457134347233239,0.0171821513150883,7.38211471881186,1,0.00658756656594331,0.0264825467169046,0.12521003999601,0.185420893641768,0.0602108536457585,"chr19",2430848,2430849,"-",0.155315466818889,0,"TUTR","proximal pA"
"LPAR5","ENSG00000184574","PAS33769_APA_0.25",0.743544564592371,NA,0.216799508152519,1,0.641489428275771,0.773365011131426,0.133826731150997,0.184798877308583,0.0509721461575857,"chr12",6619601,6619602,"-",0.15931280422979,0,"TUTR","proximal pA"
"LPGAT1","ENSG00000123684","PAS4792_APA_0.35",0.603414817406748,NA,2.43616669416406,1,0.118565650891017,0.245449381967038,0.132313274042833,0.188247832659732,0.0559345586168989,"chr1",211748126,211748127,"-",0.160280553351282,0,"TUTR","proximal pA"
"LRCH4","ENSG00000077454","PAS22053_APA_0",0.990871000331819,NA,0.000566156619697722,1,0.981016889399829,0.990058200946268,0.651729988632407,0.653724654735763,0.00199466610335597,"chr7",100574659,100574660,"-",0.652727321684085,0,"TUTR","proximal pA"
"LRIF1","ENSG00000121931","PAS3848_None_0.15",0.997738456639429,NA,0.000118007688342914,1,0.991332643273625,0.996626358229552,0.129131625349552,0.129683675496151,0.000552050146599314,"chr1",110947486,110947487,"-",0.129407650422852,0,"TUTR","proximal pA"
"LRRC57","ENSG00000180979","PAS39302_AATAAA_0.3",0.981329929115897,NA,0.00173970095437426,1,0.966730103241296,0.98236827484294,0.679206402384123,0.674643157180319,-0.00456324520380402,"chr15",42542523,42542524,"-",0.676924779782221,0,"TUTR","proximal pA"
"LRRC58","ENSG00000163428","PAS11674_APA_0.3",0.388204334280598,NA,1.2779367739488,1,0.258283009985333,0.425071052098032,0.120064047786654,0.080996435247491,-0.0390676125391631,"chr3",120327918,120327919,"-",0.100530241517073,0,"TUTR","proximal pA"
"LRRC59","ENSG00000108829","PAS44541_APA_0.3",0.23164280546009,NA,2.28068900788094,1,0.130993668252462,0.263995757312884,0.353386767598582,0.297340184842136,-0.0560465827564461,"chr17",50382674,50382675,"-",0.325363476220359,0,"TUTR","proximal pA"
"LSG1","ENSG00000041802","PAS12306_None_0.15",0.749973662792798,NA,0.207074861915999,1,0.649069822054092,0.778967591477442,0.184715716921385,0.161988306226175,-0.0227274106952099,"chr3",194641137,194641138,"-",0.17335201157378,0,"TUTR","proximal pA"
"LTBP3","ENSG00000168056","PAS31389_APA_0.2",0.0568789122214971,NA,5.20431560717225,1,0.0225308832516944,0.0695267687347164,0.869076446608735,0.928679981325131,0.0596035347163961,"chr11",65538818,65538819,"-",0.898878213966933,0,"TUTR","proximal pA"
"LUZP1","ENSG00000169641","PAS2894_AATAAA_0.15",0.488789935669866,NA,0.866372985432008,1,0.351961380461489,0.524275806312426,0.745003874139357,0.804381630328172,0.0593777561888146,"chr1",23084965,23084966,"-",0.774692752233764,0,"TUTR","proximal pA"
"LYPLA1","ENSG00000120992","PAS23900_APA_0.1",0.65085707771261,NA,0.401222022910588,1,0.526458827312406,0.683280001402,0.499049233069633,0.516616739149067,0.0175675060794334,"chr8",54047400,54047401,"-",0.50783298610935,0,"TUTR","proximal pA"
"M6PR","ENSG00000003056","PAS33811_None_0.25",0.971905915503638,NA,0.00368635335871659,1,0.951585909108941,0.973553000255804,0.277677678042375,0.275284494929564,-0.00239318311281067,"chr12",8941462,8941463,"-",0.276481086485969,0,"TUTR","proximal pA"
"MACROH2A1","ENSG00000113648","PAS16786_APA_0.15",0.217234695033445,NA,4.14323368472651,1,0.0418012444826127,0.112336088441029,0.383791751232527,0.454046168028007,0.0702544167954795,"chr5",135334912,135334913,"-",0.418918959630267,0,"TUTR","proximal pA"
"MAD2L1","ENSG00000164109","PAS14212_AATAAA_0.4",0.654553205082138,NA,0.390936758891939,1,0.531807412139117,0.686889315550008,0.906684351822148,0.875767654412061,-0.0309166974100874,"chr4",120059436,120059437,"-",0.891226003117104,0,"TUTR","proximal pA"
"MAFG","ENSG00000197063","PAS45058_APA_0.25",0.0954718585065264,NA,4.10418800087973,1,0.0427771280918313,0.114397609506576,0.632423226086983,0.688299538809659,0.0558763127226763,"chr17",81921559,81921560,"-",0.660361382448321,0,"TUTR","proximal pA"
"MAP4K2","ENSG00000168067","PAS31346_ATTAAA_0.05",0.468655314819867,NA,0.935436149942461,1,0.333454317498393,0.503742864361108,0.909819209768011,0.869503615836429,-0.0403155939315826,"chr11",64789137,64789138,"-",0.88966141280222,0,"TUTR","proximal pA"
"MAPKAP1","ENSG00000119487","PAS26529_AATAAA_0.2",0.800982864622719,NA,0.217089496447443,1,0.641266580995676,0.773239623656109,0.456564543506824,0.480752877297575,0.0241883337907506,"chr9",125438472,125438473,"-",0.4686587104022,0,"TUTR","proximal pA"
"MBOAT2","ENSG00000143797","PAS7312_AATAAA_0.3",0.515014356196856,NA,0.779863069062003,1,0.377183021402829,0.549886024817437,0.807621312662368,0.848115405164736,0.0404940925023682,"chr2",8858121,8858122,"-",0.827868358913552,0,"TUTR","proximal pA"
"MCFD2","ENSG00000180398","PAS7654_ATTAAA_0.15",0.233670091196997,NA,2.26261582632333,1,0.132530032950487,0.26610296540421,0.34988255764207,0.275703321046076,-0.0741792365959934,"chr2",46905236,46905237,"-",0.312792939344073,0,"TUTR","proximal pA"
"MCL1","ENSG00000143384","PAS4062_AATAAA_0.35",0.00703603622929655,0.141919459004709,3.70003457884013,1,0.0544113403526606,0.137539777002559,0.109385294892811,0.0893649074568593,-0.0200203874359515,"chr1",150575962,150575963,"-",0.099375101174835,0,"TUTR","proximal pA"
"MCM3","ENSG00000112118","PAS19177_None_0.2",0.162339185766198,NA,3.00320876447631,1,0.0830997834522842,0.190182462550927,0.149198274728149,0.0965923090084062,-0.0526059657197429,"chr6",52264268,52264269,"-",0.122895291868278,0,"TUTR","proximal pA"
"MCMBP","ENSG00000197771","PAS29228_ATTAAA_0.25",0.970792028550041,NA,0.00397448117064414,1,0.949731876074195,0.972832249949111,0.657481265981699,0.660812492522389,0.00333122654069062,"chr10",119831200,119831201,"-",0.659146879252044,0,"TUTR","proximal pA"
"MCOLN2","ENSG00000153898","PAS3620_ATTAAA_0.3",0.431545428813576,NA,1.08048488719351,1,0.29858910875566,0.467292852944967,0.100382890483511,0.164009714843674,0.063626824360163,"chr1",84926322,84926323,"-",0.132196302663593,0,"TUTR","proximal pA"
"ME1","ENSG00000065833","PAS19324_AATAAA_0.3",0.635665810616329,NA,0.436047171422615,1,0.509036513758049,0.668473300361939,0.657411238708088,0.682427675203392,0.0250164364953045,"chr6",83211577,83211578,"-",0.66991945695574,0,"TUTR","proximal pA"
"MED13","ENSG00000108510","PAS44693_None_0.25",0.0134551687743378,1,0.00400366142639541,1,0.949547926929537,0.972832249949111,0.476491264786186,0.474783934475431,-0.0017073303107546,"chr17",61944372,61944373,"-",0.475637599630809,0,"TUTR","proximal pA"
"MED13L","ENSG00000123066","PAS34950_AATAAA_0.45",0.234670044680208,NA,1.76683874577793,1,0.183773793502178,0.334702361769608,0.311183454041251,0.344772590873394,0.0335891368321432,"chr12",115959158,115959159,"-",0.327978022457322,0,"TUTR","proximal pA"
"MED8","ENSG00000159479","PAS3275_AATAAA_0.2",0.920144441885974,NA,0.0252243183460905,1,0.873809386520427,0.93036049336049,0.580926273218366,0.591530152922269,0.0106038797039028,"chr1",43384726,43384727,"-",0.586228213070318,0,"TUTR","proximal pA"
"MLLT1","ENSG00000130382","PAS47608_APA_0.25",0.455270733535521,NA,0.98801514274146,1,0.320227975277801,0.490654261425882,0.0663884534927408,0.0916078953192727,0.0252194418265319,"chr19",6212466,6212467,"-",0.0789981744060068,0,"TUTR","proximal pA"
"MMADHC","ENSG00000168288","PAS8394_APA_0.3",0.961478212259964,NA,0.00650313443748018,1,0.935726652574771,0.965178143584214,0.245651316274209,0.248012820153443,0.00236150387923362,"chr2",149569886,149569887,"-",0.246832068213826,0,"TUTR","proximal pA"
"MOXD1","ENSG00000079931","PAS19620_AATAAA_0.2",0.953652491199186,NA,0.00982837214112919,1,0.921028584533215,0.959043718626082,0.291529231068102,0.279929124832842,-0.0116001062352604,"chr6",132296855,132296856,"-",0.285729177950472,0,"TUTR","proximal pA"
"MPPE1","ENSG00000154889","PAS45591_AATAAA_0.2",0.740337796794205,NA,0.221839602236741,1,0.637641794526484,0.770010455844665,0.752568701363616,0.793703251773452,0.0411345504098364,"chr18",11884052,11884053,"-",0.773135976568534,0,"TUTR","proximal pA"
"MRPL50","ENSG00000136897","PAS26309_ATTAAA_0.2",0.345944495596454,NA,1.49531955746477,1,0.22139293126615,0.381992338181703,0.859895631913202,0.91223750080295,0.052341868889748,"chr9",101389966,101389967,"-",0.886066566358076,0,"TUTR","proximal pA"
"MRPS10","ENSG00000048544","PAS19081_APA_0.25",0.800620399365099,NA,0.136511567844082,1,0.711773913661671,0.82441601588601,0.0985196206610416,0.108743563629866,0.0102239429688247,"chr6",42207743,42207744,"-",0.103631592145454,0,"TUTR","proximal pA"
"MSANTD2","ENSG00000120458","PAS31955_AATAAA_0.35",0.769927368931307,NA,0.175703647546243,1,0.675091757068399,0.797716094749329,0.460715399021412,0.498742028676045,0.0380266296546331,"chr11",124766717,124766718,"-",0.479728713848728,0,"TUTR","proximal pA"
"MTERF3","ENSG00000156469","PAS24238_APA_0.3",0.819014765349609,NA,0.113992207869387,1,0.735644050812561,0.841428850595399,0.117553724114596,0.103096114483405,-0.0144576096311911,"chr8",96239654,96239655,"-",0.110324919299,0,"TUTR","proximal pA"
"MTF1","ENSG00000188786","PAS3191_APA_0.2",0.727069573440508,NA,0.00220900642955257,1,0.96251317301554,0.980881900760578,0.572625469761862,0.576380460076244,0.00375499031438176,"chr1",37814815,37814816,"-",0.574502964919053,0,"TUTR","proximal pA"
"MTMR2","ENSG00000087053","PAS31732_ATTAAA_0.25",0.254378820209915,NA,0.345510797895713,1,0.556665426039967,0.707742565682497,0.756731082436581,0.720412631693776,-0.0363184507428054,"chr11",95834094,95834095,"-",0.738571857065178,0,"TUTR","proximal pA"
"MTPN","ENSG00000105887","PAS22336_APA_0.2",0.42718081765836,NA,1.09812420445724,1,0.294678131830663,0.463009723437867,0.381872657670871,0.41805539876278,0.0361827410919094,"chr7",135929761,135929762,"-",0.399964028216826,0,"TUTR","proximal pA"
"MTX3","ENSG00000177034","PAS16397_AATAAA_0.45",0.992337609818872,NA,0.000395749196741235,1,0.984128373386365,0.991697841913216,0.299753795305507,0.298865010456159,-0.000888784849348845,"chr5",79979962,79979963,"-",0.299309402880833,0,"TUTR","proximal pA"
"MXD4","ENSG00000123933","PAS13549_ATTAAA_0.2",0.802154394895838,NA,0.134011063229536,1,0.714308951149423,0.825882041875383,0.443940942965753,0.414644751257848,-0.0292961917079053,"chr4",2250228,2250229,"-",0.429292847111801,0,"TUTR","proximal pA"
"MYCBP2","ENSG00000005810","PAS36174_APA_0.25",0.605210243281315,NA,0.515174729506953,1,0.472907294811079,0.637450033913084,0.606509380338529,0.64330745841886,0.0367980780803312,"chr13",77045016,77045017,"-",0.624908419378695,0,"TUTR","proximal pA"
"MYO1C","ENSG00000197879","PAS43645_APA_0.3",0.814879355015333,NA,0.0343532225542731,1,0.852957484962658,0.917696217595624,0.0889671821099299,0.0919354863120305,0.0029683042021006,"chr17",1464983,1464984,"-",0.0904513342109802,0,"TUTR","proximal pA"
"MYO5A","ENSG00000197535","PAS39445_AATAAA_0.2",0.788084447268992,NA,0.152118131844418,1,0.696519358172448,0.813481099254898,0.599839143853098,0.624657196600403,0.0248180527473044,"chr15",52313168,52313169,"-",0.61224817022675,0,"TUTR","proximal pA"
"N4BP1","ENSG00000102921","PAS41589_None_0.25",0.639484618874078,NA,0.427379925158561,1,0.513277387490296,0.671789249718351,0.598831534430269,0.534958847196422,-0.0638726872338471,"chr16",48542490,48542491,"-",0.566895190813345,0,"TUTR","proximal pA"
"NAMPT","ENSG00000105835","PAS22127_ATTAAA_0.35",0.893380558769813,NA,0.0444590321230862,1,0.833001897726442,0.906348684960829,0.655276344930275,0.630084009381541,-0.0251923355487338,"chr7",106250044,106250045,"-",0.642680177155908,0,"TUTR","proximal pA"
"NAPB","ENSG00000125814","PAS49577_AATAAA_0.3",0.534262130059677,NA,0.717844746879564,1,0.396851782466106,0.568622797316828,0.231574001671077,0.287858852739205,0.0562848510681272,"chr20",23375209,23375210,"-",0.259716427205141,0,"TUTR","proximal pA"
"NCBP3","ENSG00000074356","PAS43701_None_0.25",0.709756250535916,NA,0.0244907937908465,1,0.875642586215477,0.93117079140492,0.493862690366815,0.484692256140638,-0.00917043422617697,"chr17",3812246,3812247,"-",0.489277473253726,0,"TUTR","proximal pA"
"NCOR2","ENSG00000196498","PAS35217_APA_0.35",0.821079879107455,NA,0.111274429131299,1,0.738697855358877,0.843513091592231,0.157814451298809,0.153251717115428,-0.0045627341833806,"chr12",124324682,124324683,"-",0.155533084207118,0,"TUTR","proximal pA"
"NECAB3","ENSG00000125967","PAS49648_None_0.15",0.924355210523428,NA,0.0227524881222507,1,0.880102500492494,0.933728705209134,0.160241505916615,0.152071252404453,-0.00817025351216227,"chr20",33657637,33657638,"-",0.156156379160534,0,"TUTR","proximal pA"
"NEK2","ENSG00000117650","PAS4787_None_0.25",0.673894830639436,NA,0.347989646535325,1,0.555253354406711,0.70678977803918,0.460857517003427,0.422271494377971,-0.0385860226254562,"chr1",211663049,211663050,"-",0.441564505690699,0,"TUTR","proximal pA"
"NELFA","ENSG00000185049","PAS13540_APA_0.25",0.843903519684766,NA,0.0867230179032958,1,0.768385244769296,0.862949615101652,0.175881758826245,0.18537328548978,0.00949152666353514,"chr4",1983030,1983031,"-",0.180627522158012,0,"TUTR","proximal pA"
"NEMP1","ENSG00000166881","PAS34413_AATAAA_0.25",0.598092953979296,NA,0.535983285463772,1,0.464102167042758,0.630150406899771,0.0743944301753879,0.105405981393113,0.0310115512177253,"chr12",57057732,57057733,"-",0.0899002057842506,0,"TUTR","proximal pA"
"NEPRO","ENSG00000163608","PAS11621_ATTAAA_0.35",0.724536626997245,NA,0.286662820280071,1,0.592367053200346,0.735120395126465,0.752964986937173,0.73208081397346,-0.0208841729637131,"chr3",113004920,113004921,"-",0.742522900455316,0,"TUTR","proximal pA"
"NFATC2","ENSG00000101096","PAS49941_None_0.2",0.615614033596449,NA,0.487331863901545,1,0.485119919049535,0.647906877338592,0.725864241412108,0.760529498116093,0.0346652567039851,"chr20",51387858,51387859,"-",0.7431968697641,0,"TUTR","proximal pA"
"NFIB","ENSG00000147862","PAS25843_APA_0.15",0.951063512716607,NA,0.0106683512403833,1,0.917734628666463,0.957440666845834,0.628603711382726,0.633393614834071,0.00478990345134545,"chr9",14087510,14087511,"-",0.630998663108398,0,"TUTR","proximal pA"
"NFKBIA","ENSG00000100906","PAS37454_APA_0.35",0.663734997337232,NA,0.369743689967436,1,0.543144012210041,0.696073767081042,0.55259845445586,0.53680609533697,-0.0157923591188893,"chr14",35401926,35401927,"-",0.544702274896415,0,"TUTR","proximal pA"
"NFKBID","ENSG00000167604","PAS48071_ATTAAA_0.1",0.638274235979387,NA,0.430467173196121,1,0.511759802489282,0.670620942418464,0.715069299361976,0.775462479147791,0.0603931797858154,"chr19",35887952,35887953,"-",0.745265889254884,0,"TUTR","proximal pA"
"NHSL1","ENSG00000135540","PAS19697_ATTAAA_0.25",0.98043098098467,NA,0.00193780455995807,1,0.964888061803436,0.981694554122494,0.461178329892076,0.455161103764553,-0.00601722612752237,"chr6",138423149,138423150,"-",0.458169716828314,0,"TUTR","proximal pA"
"NIBAN1","ENSG00000135842","PAS4555_AATAAA_0.35",0.165626081453213,NA,4.53500782665833,1,0.0332083049812933,0.0940456306249335,0.346773208137234,0.40636422361232,0.0595910154750858,"chr1",184793926,184793927,"-",0.376568715874777,0,"TUTR","proximal pA"
"NID1","ENSG00000116962","PAS5056_ATTAAA_0.25",0.690446821271658,NA,0.313259885207117,1,0.575686644934387,0.72247475105913,0.209504836982989,0.18766203602181,-0.0218428009611782,"chr1",235976035,235976036,"-",0.1985834365024,0,"TUTR","proximal pA"
"NIFK","ENSG00000155438","PAS8288_APA_0.2",0.74274937182124,NA,0.217895102090552,1,0.640648446491272,0.772637463780858,0.752262988954238,0.76921429414858,0.0169513051943416,"chr2",121727676,121727677,"-",0.760738641551409,0,"TUTR","proximal pA"
"NKAP","ENSG00000101882","PAS53015_AATAAA_0.3",0.113116248751876,NA,3.74854028035679,1,0.0528536498131419,0.134727628798906,0.885227409888742,0.951801434874126,0.0665740249853848,"chrX",119925058,119925059,"-",0.918514422381434,0,"TUTR","proximal pA"
"NKRF","ENSG00000186416","PAS52999_AATAAA_0.4",0.841083649052391,NA,0.0895110153803671,1,0.764799721018929,0.860343180515507,0.194473544706114,0.214300531675605,0.0198269869694908,"chrX",119588978,119588979,"-",0.204387038190859,0,"TUTR","proximal pA"
"NOL9","ENSG00000162408","PAS2659_None_0.15",0.589326011562943,NA,0.561306492117865,1,0.453734315535841,0.62099754397012,0.135012516469011,0.171071157593128,0.0360586411241177,"chr1",6525668,6525669,"-",0.15304183703107,0,"TUTR","proximal pA"
"NPHP3-ACAD11","ENSG00000274810","PAS11842_AATAAA_0.45",0.663732538213663,NA,0.301385593724262,1,0.583015079114935,0.727731463163004,0.446782358059734,0.470750469986878,0.0239681119271443,"chr3",132558508,132558509,"-",0.458766414023306,0,"TUTR","proximal pA"
"NQO1","ENSG00000181019","PAS41784_AATAAA_0.15",0.000553922779648832,8.79888434688652e-05,18.513864834953,1,1.68672814242568e-05,0.000155009839812044,0.775006658491714,0.819913815268695,0.0449071567769801,"chr16",69710841,69710842,"-",0.797460236880205,0,"TUTR","proximal pA"
"NR2C1","ENSG00000120798","PAS34710_AATAAA_0.25",0.162184511400144,NA,4.20905526096931,1,0.0402087252195576,0.10898482426205,0.819450878004679,0.892078080459562,0.0726272024548833,"chr12",95021894,95021895,"-",0.85576447923212,0,"TUTR","proximal pA"
"NRAS","ENSG00000213281","PAS3922_APA_0.3",0.0412997395042222,0.601596991734298,1.43684958579797,1,0.230649827035386,0.392089640654667,0.0730186666332299,0.100327294446584,0.0273086278133542,"chr1",114706963,114706964,"-",0.0866729805399069,0,"TUTR","proximal pA"
"NSFL1C","ENSG00000088833","PAS49434_AATAAA_0.4",0.125453042734139,NA,3.52548233062589,1,0.0604322393710343,0.149040120575893,0.862271757659188,0.909074261427771,0.0468025037685825,"chr20",1443507,1443508,"-",0.885673009543479,0,"TUTR","proximal pA"
"NSL1","ENSG00000117697","PAS4812_AATAAA_0.4",0.622356910403535,NA,0.471590799884098,1,0.492256235151121,0.654581170221932,0.237552798310222,0.283652321993984,0.0460995236837627,"chr1",212738191,212738192,"-",0.260602560152103,0,"TUTR","proximal pA"
"NT5C2","ENSG00000076685","PAS29065_AATAAA_0.25",0.0529321745183843,NA,3.83692546460406,1,0.0501353755252229,0.129369748504804,0.777462850029504,0.70929878652269,-0.068164063506814,"chr10",103088156,103088157,"-",0.743380818276097,0,"TUTR","proximal pA"
"NUDT5","ENSG00000165609","PAS28208_AATAAA_0.2",0.721369401838498,NA,0.255788245311123,1,0.613028565517322,0.7514450568083,0.919751959838744,0.927159557046837,0.00740759720809314,"chr10",12167574,12167575,"-",0.923455758442791,0,"TUTR","proximal pA"
"NUMB","ENSG00000133961","PAS37838_AATAAA_0.3",0.181033749608172,NA,2.77720628515408,1,0.0956148214451171,0.21131719963745,0.16072347849206,0.230247726139398,0.0695242476473377,"chr14",73275673,73275674,"-",0.195485602315729,0,"TUTR","proximal pA"
"NUP155","ENSG00000113569","PAS16122_AATAAA_0.3",0.634585255118616,NA,0.43810431827842,1,0.508038842124582,0.667586534642754,0.564442337742297,0.595654621319186,0.0312122835768892,"chr5",37291838,37291839,"-",0.580048479530741,0,"TUTR","proximal pA"
"NUP62","ENSG00000213024","PAS48448_APA_0.35",0.590261760443517,NA,1.56477038705998,1,0.210968108597782,0.369492328019239,0.174418795430546,0.216977394273222,0.0425585988426751,"chr19",49907707,49907708,"-",0.195698094851884,0,"TUTR","proximal pA"
"NXN","ENSG00000167693","PAS43626_APA_0.2",0.641780698059225,NA,0.422078306611638,1,0.515901827263181,0.673995062301911,0.115781050472018,0.141442224112791,0.0256611736407726,"chr17",800788,800789,"-",0.128611637292404,0,"TUTR","proximal pA"
"OARD1","ENSG00000124596","PAS19051_AATAAA_0.1",0.810054797522248,NA,0.385652605058567,1,0.534593475368568,0.688860205177147,0.63120690448532,0.578281223436988,-0.0529256810483318,"chr6",41066788,41066789,"-",0.604744063961154,0,"TUTR","proximal pA"
"OAZ2","ENSG00000180304","PAS39620_APA_0.35",0.523790254771263,NA,0.751807051388823,1,0.385904710023383,0.558720292783076,0.177499431675098,0.157413157786211,-0.0200862738888876,"chr15",64688465,64688466,"-",0.167456294730654,0,"TUTR","proximal pA"
"OLA1","ENSG00000138430","PAS8570_AATAAA_0.45",1,NA,1.19705146062188e-06,1,0.999127035897476,1,0.129684436513729,0.129705257595784,2.08210820556998e-05,"chr2",174075319,174075320,"-",0.129694847054756,0,"TUTR","proximal pA"
"OPN3","ENSG00000054277","PAS5076_AATAAA_0.1",0.812335683685071,NA,0.12192556730281,1,0.726955367983637,0.835655416311701,0.818710253011902,0.788553026232456,-0.0301572267794455,"chr1",241593612,241593613,"-",0.803631639622179,0,"TUTR","proximal pA"
"ORC4","ENSG00000115947","PAS8384_AATAAA_0.2",0.377180606524487,NA,2.52425191834254,1,0.112107935764299,0.236185420255902,0.855977048968122,0.7848590265839,-0.071118022384222,"chr2",147935263,147935264,"-",0.820418037776011,0,"TUTR","proximal pA"
"ORMDL1","ENSG00000128699","PAS8673_ATTAAA_0.3",0.307630083988963,NA,0.140677891337418,1,0.707608024510012,0.821711870689701,0.135356268619748,0.148646271865977,0.013290003246229,"chr2",189771584,189771585,"-",0.142001270242863,0,"TUTR","proximal pA"
"OSBP","ENSG00000110048","PAS31234_None_0.15",0.89723245191928,NA,0.0400107549301083,1,0.841459554407402,0.910292890639581,0.143656277671092,0.132946313349227,-0.0107099643218651,"chr11",59575462,59575463,"-",0.138301295510159,0,"TUTR","proximal pA"
"OSBPL1A","ENSG00000141447","PAS45669_ATTAAA_0.25",0.491426937473285,NA,0.857371696730524,1,0.354475250267547,0.526934707760063,0.273793443049614,0.32998397894317,0.0561905358935564,"chr18",24162554,24162555,"-",0.301888710996392,0,"TUTR","proximal pA"
"OSBPL8","ENSG00000091039","PAS34603_APA_0.3",1.12692431088986e-05,1,0.573861367534846,1,0.448728578742032,0.616610875941929,0.488964870394523,0.466660084206216,-0.0223047861883072,"chr12",76352259,76352260,"-",0.47781247730037,0,"TUTR","proximal pA"
"OSER1","ENSG00000132823","PAS49811_AATAAA_0.2",0.632280123190914,NA,0.143059386132336,1,0.70525831415911,0.819568355255626,0.800625824822766,0.786987686652275,-0.0136381381704905,"chr20",44196907,44196908,"-",0.793806755737521,0,"TUTR","proximal pA"
"OSTM1","ENSG00000081087","PAS19479_AATAAA_0.2",0.812335683685071,NA,0.121260058540145,1,0.727671852466012,0.835753688620984,0.730916429548226,0.69752258010598,-0.0333938494422459,"chr6",108042819,108042820,"-",0.714219504827103,0,"TUTR","proximal pA"
"OTUD5","ENSG00000068308","PAS52695_APA_0.35",0.947382811803552,NA,0.0122664293321577,1,0.911811492211429,0.954117316512329,0.277572127596397,0.273124226221712,-0.00444790137468554,"chrX",48922616,48922617,"-",0.275348176909055,0,"TUTR","proximal pA"
"OTUD7B","ENSG00000264522","PAS4040_AATAAA_0.1",0.799875575204393,NA,0.413540080628763,1,0.520178147081422,0.678060525690729,0.323058447716447,0.280997655671562,-0.0420607920448849,"chr1",149941268,149941269,"-",0.302028051694004,0,"TUTR","proximal pA"
"P4HA1","ENSG00000122884","PAS28708_AATAAA_0.1",0.896555272956668,NA,0.0409148497187743,1,0.839702372877647,0.909871282951594,0.0806255511184041,0.074739454422746,-0.00588609669565809,"chr10",73007748,73007749,"-",0.077682502770575,0,"TUTR","proximal pA"
"PABPC1","ENSG00000070756","PAS24295_AATAAA_0.35",0.00155086843212575,0.069676667920431,8.08948076935485,1,0.00445229160192436,0.0191719624804241,0.446465069427683,0.469212839772505,0.0227477703448221,"chr8",100703236,100703237,"-",0.457838954600094,0,"TUTR","proximal pA"
"PACC1","ENSG00000065600","PAS4803_AATAAA_0.3",0.896242120443006,NA,0.0412608858824797,1,0.839035176584942,0.9097121107232,0.239834690847103,0.255930647684671,0.0160959568375685,"chr1",212364962,212364963,"-",0.247882669265887,0,"TUTR","proximal pA"
"PANK3","ENSG00000120137","PAS17071_APA_0.35",0.00016289562219565,0.00728981300142141,12.5356101496145,1,0.000399269214393365,0.00252831644131429,0.114086141437869,0.185030887295916,0.0709447458580469,"chr5",168556865,168556866,"-",0.149558514366893,0,"TUTR","proximal pA"
"PAPSS1","ENSG00000138801","PAS14154_APA_0.15",1,NA,9.75742102582444e-06,1,0.997507662352571,1,0.416255087272097,0.416484877153375,0.000229789881278364,"chr4",107613989,107613990,"-",0.416369982212736,0,"TUTR","proximal pA"
"PAQR3","ENSG00000163291","PAS13968_AATAAA_0.2",0.639775724934447,NA,0.426599539235895,1,0.513662237228345,0.672057781324397,0.117058917204387,0.156750347210176,0.0396914300057888,"chr4",78918685,78918686,"-",0.136904632207282,0,"TUTR","proximal pA"
"PDCD10","ENSG00000114209","PAS12084_AATAAA_0.35",0.512346891959738,NA,0.787329587670229,1,0.374908822902399,0.547306317302077,0.874450856876383,0.846716347341662,-0.0277345095347208,"chr3",167683908,167683909,"-",0.860583602109022,0,"TUTR","proximal pA"
"PDIA4","ENSG00000155660","PAS22409_None_0.1",0.589620633168139,NA,0.560131823987604,1,0.454207133560734,0.621317925893601,0.767784118132476,0.71557558446963,-0.0522085336628462,"chr7",149003442,149003443,"-",0.741679851301053,0,"TUTR","proximal pA"
"PDIA6","ENSG00000143870","PAS7338_AATAAA_0.4",0.421667169668565,NA,1.12332548789527,1,0.28920351561827,0.457390052107504,0.64593798723687,0.67267930570288,0.0267413184660097,"chr2",10783860,10783861,"-",0.659308646469875,0,"TUTR","proximal pA"
"PEDS1-UBE2V1","ENSG00000124208","PAS49914_APA_0.3",0.350089059138246,NA,0.153990417253226,1,0.694750771583244,0.812509372752112,0.248212893068942,0.240349438299822,-0.00786345476912031,"chr20",50082562,50082563,"-",0.244281165684382,0,"TUTR","proximal pA"
"PEX2","ENSG00000164751","PAS24081_APA_0.2",0.486512790195925,NA,1.17783806303851,1,0.277796562785249,0.445946792367894,0.836287795699903,0.795720053055554,-0.0405677426443487,"chr8",76982920,76982921,"-",0.816003924377729,0,"TUTR","proximal pA"
"PGAP1","ENSG00000197121","PAS8714_AATAAA_0.4",0.915128187839469,NA,0.0278739077324985,1,0.867405608165171,0.926423931307729,0.665764210805686,0.694486940280061,0.0287227294743746,"chr2",196835589,196835590,"-",0.680125575542873,0,"TUTR","proximal pA"
"PGRMC2","ENSG00000164040","PAS14263_ATTAAA_0.15",0.0259749311911884,1,1.88144288639705,1,0.170170244881331,0.317936166064718,0.088865241227328,0.119469948310641,0.0306047070833125,"chr4",128270784,128270785,"-",0.104167594768984,0,"TUTR","proximal pA"
"PHB1","ENSG00000167085","PAS44518_AATAAA_0.45",0.663590570261319,NA,0.37053768054102,1,0.54271133197987,0.695844182876757,0.878810006355168,0.888734852151952,0.00992484579678432,"chr17",49404836,49404837,"-",0.88377242925356,0,"TUTR","proximal pA"
"PHF23","ENSG00000040633","PAS43774_APA_0.15",0.78698013771378,NA,0.153497652617602,1,0.695215036132219,0.812687142039936,0.762524496081761,0.787345134529768,0.024820638448007,"chr17",7235286,7235287,"-",0.774934815305764,0,"TUTR","proximal pA"
"PHKA2","ENSG00000044446","PAS52557_APA_0.1",0.642245337000345,NA,0.588798201926465,1,0.442884223206872,0.610967072680061,0.590536414099993,0.540931318795343,-0.0496050953046498,"chrX",18892971,18892972,"-",0.565733866447668,0,"TUTR","proximal pA"
"PHYH","ENSG00000107537","PAS28220_AATAAA_0.45",0.184934698984783,NA,2.73240768607866,1,0.0983309444540569,0.215853674119542,0.561068645509201,0.632258091367545,0.0711894458583447,"chr10",13278038,13278039,"-",0.596663368438373,0,"TUTR","proximal pA"
"PI4KB","ENSG00000143393","PAS4116_AATAAA_0.15",0.0533376053285509,NA,5.34461732282853,1,0.0207863455631094,0.0653456954647645,0.886718288053425,0.947175576819041,0.0604572887656158,"chr1",151292131,151292132,"-",0.916946932436233,0,"TUTR","proximal pA"
"PIP4K2A","ENSG00000150867","PAS28339_APA_0.25",0.258731420643839,NA,0.379215144965201,1,0.538023577025793,0.692373145566094,0.186120359371561,0.162479074959148,-0.023641284412413,"chr10",22535188,22535189,"-",0.174299717165355,0,"TUTR","proximal pA"
"PITPNA","ENSG00000174238","PAS43651_None_0.25",0.553479796285053,NA,0.661452447061038,1,0.416047642713279,0.586590430500393,0.386481514708756,0.344287382929433,-0.0421941317793236,"chr17",1520217,1520218,"-",0.365384448819095,0,"TUTR","proximal pA"
"PITPNB","ENSG00000180957","PAS51380_AATAAA_0.25",0.244788226402349,NA,3.88897311176015,1,0.0486041331188326,0.126138754212097,0.146591601097454,0.0926655939358826,-0.0539260071615711,"chr22",27851892,27851893,"-",0.119628597516668,0,"TUTR","proximal pA"
"PITRM1","ENSG00000107959","PAS28106_None_0.2",0.110255920317796,NA,0.0700820858801308,1,0.791217300703391,0.878058223951324,0.0804415583866876,0.0846556931062839,0.00421413471959631,"chr10",3138035,3138036,"-",0.0825486257464858,0,"TUTR","proximal pA"
"PJA2","ENSG00000198961","PAS16568_ATTAAA_0.2",0.229672647505001,NA,2.2950894938258,1,0.129783730098258,0.262166358237912,0.06629118688361,0.106934003241903,0.0406428163582931,"chr5",109335602,109335603,"-",0.0866125950627566,0,"TUTR","proximal pA"
"PLEKHM1","ENSG00000225190","PAS44424_ATTAAA_0.15",0.115014239717765,NA,0.491757872008066,1,0.483144204207157,0.646627124277254,0.155662097034616,0.121133755607037,-0.0345283414275785,"chr17",45437472,45437473,"-",0.138397926320826,0,"TUTR","proximal pA"
"PLIN3","ENSG00000105355","PAS47576_APA_0.35",0.0171917504907555,0,7.77525778745257,1,0.00529666572274633,0.0221625437460122,0.434418350529155,0.487500163392176,0.0530818128630208,"chr19",4838572,4838573,"-",0.460959256960666,0,"TUTR","proximal pA"
"PLXND1","ENSG00000004399","PAS11814_ATTAAA_0.3",0.320195297365061,NA,1.64014382677419,1,0.200305735669132,0.355846899421489,0.0636753008273078,0.119568177819677,0.0558928769923692,"chr3",129555515,129555516,"-",0.0916217393234924,0,"TUTR","proximal pA"
"PNISR","ENSG00000132424","PAS19433_APA_0.35",0.0676585820869764,NA,4.70156309993217,1,0.0301351984971827,0.0872024322979405,0.715882977059087,0.76822435022041,0.0523413731613227,"chr6",99401445,99401446,"-",0.742053663639748,0,"TUTR","proximal pA"
"PNPLA8","ENSG00000135241","PAS22151_APA_0.3",0.999871189520794,NA,5.18099046757925e-05,1,0.994256948536798,0.998939597846614,0.4682533749792,0.467190550164429,-0.0010628248147716,"chr7",108472077,108472078,"-",0.467721962571814,0,"TUTR","proximal pA"
"POC1A","ENSG00000164087","PAS11292_AATAAA_0.2",0.625045706824528,NA,0.463832440381225,1,0.495838302681202,0.657731277552546,0.341634625383183,0.287413603153683,-0.0542210222294999,"chr3",52075780,52075781,"-",0.314524114268433,0,"TUTR","proximal pA"
"POLE","ENSG00000177084","PAS35280_APA_0.15",0.72191639128528,NA,0.254686142831702,1,0.61379457882328,0.751675969718364,0.201399248428678,0.172662657138416,-0.0287365912902624,"chr12",132624042,132624043,"-",0.187030952783547,0,"TUTR","proximal pA"
"POMT2","ENSG00000009830","PAS37915_APA_0.25",0.656589024420458,NA,0.386497441277925,1,0.534146265173088,0.688657638723267,0.564835841931714,0.614163693243058,0.0493278513113438,"chr14",77276990,77276991,"-",0.589499767587386,0,"TUTR","proximal pA"
"PON2","ENSG00000105854","PAS21972_AATAAA_0.3",0.588654724132772,NA,0.562908688120615,1,0.453090656254801,0.620317850490514,0.280282357374598,0.23815488027922,-0.0421274770953776,"chr7",95405076,95405077,"-",0.259218618826909,0,"TUTR","proximal pA"
"PPID","ENSG00000171497","PAS14398_AATAAA_0.25",0.837042810384586,NA,0.093985526842971,1,0.759170241875716,0.8562442615811,0.188872363519527,0.204092965668212,0.0152206021486844,"chr4",158709558,158709559,"-",0.19648266459387,0,"TUTR","proximal pA"
"PPP1R12A","ENSG00000058272","PAS34630_AATAAA_0.4",0.027678480126402,0.411834808215288,1.99426373285132,1,0.157895781706237,0.301388207866804,0.720093127424834,0.765129758450299,0.045036631025465,"chr12",79775917,79775918,"-",0.742611442937566,0,"TUTR","proximal pA"
"PPP2R5E","ENSG00000154001","PAS37707_AATAAA_0.1",0.97446433904928,NA,0.00314715430772594,1,0.955262539362038,0.975752545360606,0.818670451575948,0.816106614533272,-0.00256383704267604,"chr14",63373890,63373891,"-",0.81738853305461,0,"TUTR","proximal pA"
"PPP3CA","ENSG00000138814","PAS14107_APA_0.15",0.260548087822265,NA,0.622365106773941,1,0.430169753038105,0.59978559908763,0.507058972900433,0.540986435371943,0.0339274624715102,"chr4",101024945,101024946,"-",0.524022704136188,0,"TUTR","proximal pA"
"PRDM4","ENSG00000110851","PAS34826_AATAAA_0.4",0.00131746309611645,1,1.27377242408693,1,0.259060166913668,0.425865329970637,0.497222482330192,0.451851808448973,-0.0453706738812195,"chr12",107734192,107734193,"-",0.474537145389583,0,"TUTR","proximal pA"
"PRKAR2A","ENSG00000114302","PAS11199_AATAAA_0.4",0.999871189520794,NA,0.00860135326320233,1,0.926107353027049,0.961499520100606,0.492016359614362,0.488967220044163,-0.00304913957019914,"chr3",48746896,48746897,"-",0.490491789829262,0,"TUTR","proximal pA"
"PRKRA","ENSG00000180228","PAS8623_AATAAA_0.15",0.525851583594233,NA,1.4348474024855,1,0.230974966080179,0.392334843179921,0.211828805639648,0.163972842082923,-0.0478559635567255,"chr2",178431777,178431778,"-",0.187900823861286,0,"TUTR","proximal pA"
"PROS1","ENSG00000184500","PAS11501_APA_0.25",0.0604970438998539,NA,5.07815754413286,1,0.0242291039398664,0.0737011055562134,0.0765839795559138,0.145813859034124,0.0692298794782105,"chr3",93874161,93874162,"-",0.111198919295019,0,"TUTR","proximal pA"
"PRXL2C","ENSG00000158122","PAS26249_AATAAA_0.25",0.62202309712566,NA,0.472969958729209,1,0.491624012309163,0.654141438873122,0.699234146770906,0.738696961114905,0.0394628143439988,"chr9",96641251,96641252,"-",0.718965553942906,0,"TUTR","proximal pA"
"PSMD5","ENSG00000095261","PAS26444_AATAAA_0.3",0.926571316587061,NA,0.0210546617286127,1,0.884630145185436,0.936092488907211,0.754416767414709,0.762375255141516,0.0079584877268073,"chr9",120816353,120816354,"-",0.758396011278113,0,"TUTR","proximal pA"
"PTK2","ENSG00000169398","PAS24619_ATTAAA_0.3",0.0397758203088039,0.246647620411058,2.79491655489255,1,0.0945636892606433,0.209505105053963,0.139711156774345,0.108471928804415,-0.0312392279699295,"chr8",140658621,140658622,"-",0.12409154278938,0,"TUTR","proximal pA"
"PTPN14","ENSG00000152104","PAS4825_APA_0.3",0.662906882876856,NA,0.37251477098971,1,0.541636683401886,0.695100410365754,0.22009781467015,0.189781451377905,-0.0303163632922447,"chr1",214357667,214357668,"-",0.204939633024027,0,"TUTR","proximal pA"
"PTPN3","ENSG00000070159","PAS26350_AATAAA_0.3",0.958758215601738,NA,0.00747460503737329,1,0.931104092401802,0.963490524607298,0.695949378915508,0.704605444107263,0.00865606519175444,"chr9",109378237,109378238,"-",0.700277411511386,0,"TUTR","proximal pA"
"PTTG1IP","ENSG00000183255","PAS50622_APA_0.25",0.694361959879539,NA,0.0942827524559107,1,0.758801534441949,0.8562442615811,0.0946953174893216,0.0994942460757956,0.00479892858647402,"chr21",44849872,44849873,"-",0.0970947817825586,0,"TUTR","proximal pA"
"PUM1","ENSG00000134644","PAS3045_APA_0.35",0.811998154342794,NA,0.1225427362142,1,0.726292883985518,0.835063553569848,0.711358807334168,0.7225186054279,0.0111597980937322,"chr1",30932825,30932826,"-",0.716938706381034,0,"TUTR","proximal pA"
"PUM2","ENSG00000055917","PAS7371_ATTAAA_0.3",0.20918314900376,NA,1.1679909118966,1,0.279814438868071,0.447930285765802,0.215918801329576,0.183182501848969,-0.0327362994806077,"chr2",20249863,20249864,"-",0.199550651589273,0,"TUTR","proximal pA"
"PUS7L","ENSG00000129317","PAS34101_AATAAA_0.4",0.75612388088293,NA,0.534068967114877,1,0.464901186836655,0.630577355045382,0.386352636045495,0.45051466181628,0.0641620257707847,"chr12",43728610,43728611,"-",0.418433648930888,0,"TUTR","proximal pA"
"PXDN","ENSG00000130508","PAS7280_None_0.25",9.56283108138456e-09,1,0.150267709315813,1,0.698279656890387,0.814609126646337,0.713549315570223,0.719497439670223,0.00594812410000012,"chr2",1633163,1633164,"-",0.716523377620223,0,"TUTR","proximal pA"
"PXMP4","ENSG00000101417","PAS49654_APA_0.3",0.69463757281508,NA,0.304092814440651,1,0.581327897816875,0.726060076234859,0.680310168178939,0.607116892557516,-0.0731932756214231,"chr20",33707559,33707560,"-",0.643713530368227,0,"TUTR","proximal pA"
"PYCR3","ENSG00000104524","PAS24676_None_0.2",0.924355210523428,NA,0.022714999529569,1,0.88020057072162,0.933728705209134,0.176708959448651,0.19019421598234,0.0134852565336895,"chr8",143605414,143605415,"-",0.183451587715496,0,"TUTR","proximal pA"
"QRICH1","ENSG00000198218","PAS11209_APA_0.05",0.369342504290748,NA,1.3644806440202,1,0.24276245378205,0.40654222541215,0.13024715811203,0.162818704124426,0.0325715460123963,"chr3",49030250,49030251,"-",0.146532931118228,0,"TUTR","proximal pA"
"RAB11FIP1","ENSG00000156675","PAS23801_AATAAA_0.3",0.538400605057032,NA,0.00909341796909757,1,0.924029351514056,0.960261455937743,0.0756846681321188,0.0793277231176691,0.00364305498555029,"chr8",37861356,37861357,"-",0.077506195624894,0,"TUTR","proximal pA"
"RAB1A","ENSG00000138069","PAS7788_AATAAA_0.35",0.0222047245216077,0.00457030903323603,9.79251356898476,1,0.00175223779789066,0.00876657841751294,0.843499681237384,0.903046332588282,0.0595466513508979,"chr2",65087879,65087880,"-",0.873273006912833,0,"TUTR","proximal pA"
"RAB23","ENSG00000112210","PAS19219_AATAAA_0.4",0.431244021492194,NA,1.08293601676758,1,0.298041676315336,0.46705399011225,0.873827388154168,0.923167729727088,0.0493403415729192,"chr6",57188792,57188793,"-",0.898497558940628,0,"TUTR","proximal pA"
"RAB35","ENSG00000111737","PAS35021_AATAAA_0.15",0.58683827874006,NA,0.106526129122358,1,0.744134289198643,0.847267434188638,0.12822073714106,0.12199422046167,-0.00622651667938977,"chr12",120095742,120095743,"-",0.125107478801365,0,"TUTR","proximal pA"
"RAB40B","ENSG00000141542","PAS45092_APA_0.3",0.553479796285053,NA,0.661312196327344,1,0.416097070546329,0.586590430500393,0.241265345558266,0.187778024226057,-0.0534873213322096,"chr17",82657312,82657313,"-",0.214521684892162,0,"TUTR","proximal pA"
"RAB5C","ENSG00000108774","PAS44298_None_0.25",0.00447299827002678,0,10.6184491215281,1,0.00111964912891784,0.00602563859164924,0.0634760998144874,0.112344719604882,0.0488686197903945,"chr17",42125577,42125578,"-",0.0879104097096847,0,"TUTR","proximal pA"
"RAB6A","ENSG00000175582","PAS31558_AATAAA_0.25",0.543017230458279,NA,0.692116041767349,1,0.405445567736153,0.576772934330775,0.901671556788304,0.927995019650204,0.0263234628618996,"chr11",73675893,73675894,"-",0.914833288219254,0,"TUTR","proximal pA"
"RAC2","ENSG00000128340","PAS51492_APA_0.15",0.259572429484073,NA,2.06419458155324,1,0.150794579915132,0.292486192940172,0.203255981543638,0.162854375142978,-0.04040160640066,"chr22",37225483,37225484,"-",0.183055178343308,0,"TUTR","proximal pA"
"RAD1","ENSG00000113456","PAS16092_AATAAA_0.2",0.66870177364054,NA,0.157841082573213,1,0.691152007506758,0.809610322592982,0.529675444564716,0.556901855535667,0.0272264109709514,"chr5",34908549,34908550,"-",0.543288650050191,0,"TUTR","proximal pA"
"RALGAPA2","ENSG00000188559","PAS49566_APA_0.25",0.867148347408334,NA,0.0650876478878786,1,0.798628247567788,0.88336481794081,0.331814119305078,0.301824362659174,-0.0299897566459035,"chr20",20389883,20389884,"-",0.316819240982126,0,"TUTR","proximal pA"
"RAPH1","ENSG00000173166","PAS8780_AATAAA_0.15",0.565253166425471,NA,0.629362182124623,1,0.427589366210301,0.597109591168566,0.227002631795148,0.177068808866793,-0.049933822928355,"chr2",203435094,203435095,"-",0.20203572033097,0,"TUTR","proximal pA"
"RBBP5","ENSG00000117222","PAS4705_None_0.25",0.119684712695972,NA,3.62488837948604,1,0.0569213902684533,0.142445779146804,0.83381693813066,0.888955427634844,0.0551384895041844,"chr1",205087198,205087199,"-",0.861386182882752,0,"TUTR","proximal pA"
"RBFOX2","ENSG00000100320","PAS51464_APA_0.25",0.118505088478854,NA,3.64503060792686,1,0.0562367701897246,0.141058035944273,0.689678182741539,0.746785959259586,0.0571077765180474,"chr22",35744044,35744045,"-",0.718232071000562,0,"TUTR","proximal pA"
"RBM18","ENSG00000119446","PAS26473_AATAAA_0.3",0.645781847322674,NA,0.413159294778211,1,0.520370312100019,0.678175149860546,0.654046679963836,0.70222976566631,0.048183085702474,"chr9",122241669,122241670,"-",0.678138222815073,0,"TUTR","proximal pA"
"RC3H1","ENSG00000135870","PAS4473_APA_0.15",0.465320626268038,NA,0.950746665166207,1,0.329529312928659,0.500544525404533,0.296993938429884,0.367749390071553,0.0707554516416691,"chr1",173936796,173936797,"-",0.332371664250719,0,"TUTR","proximal pA"
"RDH11","ENSG00000072042","PAS37772_APA_0.3",0.648294420251067,NA,0.447933341252792,1,0.503318014992481,0.66362623542747,0.403446082927644,0.417210588003149,0.0137645050755054,"chr14",67677523,67677524,"-",0.410328335465397,0,"TUTR","proximal pA"
"RERE","ENSG00000142599","PAS2680_AATAAA_0.15",0.437929447457572,NA,0.691173169761896,1,0.40576562864429,0.577064952908852,0.361940221890335,0.324872810626348,-0.0370674112639874,"chr1",8354533,8354534,"-",0.343406516258342,0,"TUTR","proximal pA"
"REXO4","ENSG00000148300","PAS26674_None_0.2",0.897275238230155,NA,0.0398945768192789,1,0.841686847376097,0.910311747415654,0.0830447160766441,0.088072188844106,0.00502747276746185,"chr9",133406791,133406792,"-",0.085558452460375,0,"TUTR","proximal pA"
"RFK","ENSG00000135002","PAS26106_APA_0.1",0.899609979221832,NA,0.0379389273625748,1,0.84556582527609,0.912610772523659,0.315954762159307,0.330142398926328,0.0141876367670211,"chr9",76386602,76386603,"-",0.323048580542818,0,"TUTR","proximal pA"
"RFLNB","ENSG00000183688","PAS43610_APA_0.25",0.627916030524217,NA,0.293572546899668,1,0.587940201435572,0.73088133753163,0.404553781782934,0.380145694177356,-0.0244080876055773,"chr17",442986,442987,"-",0.392349737980145,0,"TUTR","proximal pA"
"RHOF","ENSG00000139725","PAS35106_APA_0.3",4.91095548654701e-08,0.000771806561292549,15.1626390841848,1,9.8635826703915e-05,0.000739370975171685,0.230883887404142,0.165817757688884,-0.0650661297152582,"chr12",121779156,121779157,"-",0.198350822546513,0,"TUTR","proximal pA"
"RIOK2","ENSG00000058729","PAS16522_AATAAA_0.3",0.366383332476941,NA,1.3811855538338,1,0.239899307602236,0.403282481569293,0.850489779089624,0.898761978800937,0.0482721997113137,"chr5",97162934,97162935,"-",0.87462587894528,0,"TUTR","proximal pA"
"RLIM","ENSG00000131263","PAS52843_AATAAA_0.15",1,NA,9.15434211492538e-05,1,0.992366090540324,0.997347848022956,0.417197393421788,0.417646688847935,0.0004492954261478,"chrX",74585490,74585491,"-",0.417422041134861,0,"TUTR","proximal pA"
"RNF115","ENSG00000265491","PAS3995_APA_0.25",0.333963316326315,NA,1.35462956695892,1,0.244470397408534,0.408137449028575,0.603632414957264,0.652454228591131,0.0488218136338675,"chr1",145746466,145746467,"-",0.628043321774197,0,"TUTR","proximal pA"
"RNF168","ENSG00000163961","PAS12371_AATAAA_0.4",0.333425296988096,NA,1.56491654547335,1,0.210946793025635,0.369492328019239,0.182323056437004,0.124598671966357,-0.0577243844706468,"chr3",196469245,196469246,"-",0.15346086420168,0,"TUTR","proximal pA"
"RNF170","ENSG00000120925","PAS23856_AATAAA_0.35",0.962676498903368,NA,0.00621298699724093,1,0.937173804835632,0.965929837297719,0.211182791002265,0.218998416975197,0.00781562597293173,"chr8",42855708,42855709,"-",0.215090603988731,0,"TUTR","proximal pA"
"RNF19A","ENSG00000034677","PAS24277_AATAAA_0.45",0.663590570261319,NA,0.370468542044591,1,0.542748983311354,0.695844182876757,0.195340553016109,0.166520509711901,-0.0288200433042081,"chr8",100257343,100257344,"-",0.180930531364005,0,"TUTR","proximal pA"
"ROCK2","ENSG00000134318","PAS7341_APA_0.3",0.00806151500337486,0.0743579933750922,4.79704762208803,1,0.0285085506515268,0.0832918207517554,0.621976739150703,0.689624107458206,0.0676473683075035,"chr2",11181631,11181632,"-",0.655800423304455,0,"TUTR","proximal pA"
"RPP25","ENSG00000178718","PAS39761_AATAAA_0.25",0.20965808724667,NA,2.4719562424425,1,0.115893602670771,0.24133836638738,0.850766238020237,0.912066991057591,0.0613007530373544,"chr15",74955309,74955310,"-",0.881416614538914,0,"TUTR","proximal pA"
"RPS10-NUDT3","ENSG00000270800","PAS18977_AATAAA_0.3",0.371087901554797,NA,1.35341092378326,1,0.24468269854295,0.408316998735497,0.870308740529952,0.811281667543314,-0.059027072986638,"chr6",34288218,34288219,"-",0.840795204036633,0,"TUTR","proximal pA"
"RPUSD4","ENSG00000165526","PAS31974_ATTAAA_0.15",0.770935433447261,NA,0.174415760465308,1,0.676216833050841,0.798585139167855,0.872380945126124,0.888466907929027,0.0160859628029028,"chr11",126202413,126202414,"-",0.880423926527576,0,"TUTR","proximal pA"
"RRAGC","ENSG00000116954","PAS3201_None_0.25",0.316952598059739,NA,1.65892690705095,1,0.197748273007111,0.352313564710177,0.775932312494335,0.810844991084054,0.0349126785897195,"chr1",38839266,38839267,"-",0.793388651789195,0,"TUTR","proximal pA"
"RRBP1","ENSG00000125844","PAS49539_AATAAA_0.25",0.447961874096369,NA,1.01313628243861,1,0.314152653465163,0.483903879096293,0.351476924741829,0.318020022963726,-0.0334569017781028,"chr20",17614099,17614100,"-",0.334748473852778,0,"TUTR","proximal pA"
"RRP7A","ENSG00000189306","PAS51636_APA_0.25",0.946809743361634,NA,0.0124765624771044,1,0.91106244182879,0.953870428475183,0.91907171166096,0.922239129240488,0.00316741757952865,"chr22",42512549,42512550,"-",0.920655420450724,0,"TUTR","proximal pA"
"RTN4","ENSG00000115310","PAS7692_None_0.15",0.333963316326315,NA,1.56174256541999,1,0.211410257499785,0.369918203690292,0.647711945461907,0.662798953552847,0.0150870080909407,"chr2",54972795,54972796,"-",0.655255449507377,0,"TUTR","proximal pA"
"RUFY2","ENSG00000204130","PAS28645_AATAAA_0.3",0.56546216849909,NA,0.62843467240873,1,0.427930068275907,0.59736687175224,0.18853802925127,0.239497091207641,0.0509590619563709,"chr10",68343992,68343993,"-",0.214017560229456,0,"TUTR","proximal pA"
"RYBP","ENSG00000163602","PAS11464_APA_0.2",0.898133294114568,NA,0.0392318383501333,1,0.842990072273135,0.911210918811869,0.265949246936867,0.277859053946207,0.0119098070093394,"chr3",72377233,72377234,"-",0.271904150441537,0,"TUTR","proximal pA"
"SAP130","ENSG00000136715","PAS8322_AATAAA_0.1",0.534239539767259,NA,0.71887156029652,1,0.396514307437701,0.568622797316828,0.117068834664746,0.156988750369901,0.0399199157051545,"chr2",127941568,127941569,"-",0.137028792517324,0,"TUTR","proximal pA"
"SATB1","ENSG00000182568","PAS10941_AATAAA_0.15",0.62558338551957,NA,0.198736177460432,1,0.65574290682457,0.784083657677858,0.686668133397779,0.707620237840967,0.020952104443188,"chr3",18348575,18348576,"-",0.697144185619373,0,"TUTR","proximal pA"
"SAV1","ENSG00000151748","PAS37564_AATAAA_0.45",0.928423612671683,NA,0.0315162734718797,1,0.859093490787602,0.920516879377478,0.712452689835805,0.718599173170244,0.00614648333443923,"chr14",50634319,50634320,"-",0.715525931503025,0,"TUTR","proximal pA"
"SBNO1","ENSG00000139697","PAS35184_AATAAA_0.25",9.50231369363426e-06,0.0785000988222257,5.91080327531381,1,0.015048308472596,0.0509426738173497,0.192363418586353,0.243065010234172,0.0507015916478187,"chr12",123294528,123294529,"-",0.217714214410262,0,"TUTR","proximal pA"
"SCAMP2","ENSG00000140497","PAS39754_APA_0.15",0.60220568241903,NA,0.524634084474201,1,0.468871579832564,0.634112021238948,0.528727469839122,0.555037028781909,0.0263095589427869,"chr15",74844854,74844855,"-",0.541882249310516,0,"TUTR","proximal pA"
"SCD5","ENSG00000145284","PAS14004_APA_0.3",0.97446433904928,NA,0.00313383695524294,1,0.955357195146353,0.975752545360606,0.157580678334091,0.162532786975061,0.0049521086409704,"chr4",82631148,82631149,"-",0.160056732654576,0,"TUTR","proximal pA"
"SEPTIN10","ENSG00000186522","PAS8195_ATTAAA_0.1",0.394718379348824,NA,1.24491140886903,1,0.264526600786693,0.4316649463608,0.0718297246677613,0.10251378776094,0.0306840630931786,"chr2",109544239,109544240,"-",0.0871717562143506,0,"TUTR","proximal pA"
"SETX","ENSG00000107290","PAS26636_APA_0.25",0.655249066148782,NA,0.986587142946974,1,0.320577939564897,0.491006073530425,0.610378998131277,0.660485181750448,0.0501061836191706,"chr9",132263894,132263895,"-",0.635432089940863,0,"TUTR","proximal pA"
"SEZ6L2","ENSG00000174938","PAS41491_AATAAA_0.2",0.528036996987135,NA,0.737835088576048,1,0.390355260184211,0.562597519191177,0.665352902419963,0.613149184939006,-0.0522037174809575,"chr16",29871509,29871510,"-",0.639251043679484,0,"TUTR","proximal pA"
"SF3A3","ENSG00000183431","PAS3195_ATTAAA_0.2",0.0216247589458678,0.106154540383466,4.18849483810664,1,0.040699216776139,0.11015368300913,0.25921526674242,0.316567763312338,0.0573524965699184,"chr1",37957512,37957513,"-",0.287891515027379,0,"TUTR","proximal pA"
"SH3D19","ENSG00000109686","PAS14356_APA_0.3",0.54555296293831,NA,1.78567264633239,1,0.181454298128051,0.332104751271494,0.135553172314304,0.199978024180704,0.0644248518664003,"chr4",151121380,151121381,"-",0.167765598247504,0,"TUTR","proximal pA"
"SH3KBP1","ENSG00000147010","PAS52563_AATAAA_0.25",0.49901285019054,NA,0.83336851566537,1,0.361300292659859,0.533571681510919,0.177776471796689,0.140482171651109,-0.0372943001455796,"chrX",19536068,19536069,"-",0.159129321723899,0,"TUTR","proximal pA"
"SHMT1","ENSG00000176974","PAS43925_AATAAA_0.3",0.646496954935448,NA,0.410945369401134,1,0.521490062820448,0.679158345424589,0.50011407298869,0.43500426296065,-0.0651098100280402,"chr17",18328469,18328470,"-",0.46755916797467,0,"TUTR","proximal pA"
"SHQ1","ENSG00000144736","PAS11466_AATAAA_0.2",0.84040217263084,NA,0.0905775557985748,1,0.76344419311792,0.859849340924658,0.327603303068276,0.298828836257481,-0.0287744668107952,"chr3",72749634,72749635,"-",0.313216069662879,0,"TUTR","proximal pA"
"SIAH2","ENSG00000181788","PAS11991_AATAAA_0.3",0.142290448274897,NA,3.25982230707677,1,0.0709968194145919,0.168468565106142,0.0503479797970504,0.103965116391082,0.0536171365940311,"chr3",150742066,150742067,"-",0.077156548094066,0,"TUTR","proximal pA"
"SINHCAF","ENSG00000139146","PAS34014_None_0.1",0.0315043704403349,0.318071468178385,3.51070103190978,1,0.0609736502411214,0.150189307323057,0.728174144200932,0.774594597274095,0.0464204530731633,"chr12",31282615,31282616,"-",0.751384370737514,0,"TUTR","proximal pA"
"SIX4","ENSG00000100625","PAS37687_AATAAA_0.2",0.518978713091954,NA,0.767975091765038,1,0.380844203724967,0.553610994534517,0.161818504321256,0.202339099801709,0.0405205954804533,"chr14",60711906,60711907,"-",0.182078802061482,0,"TUTR","proximal pA"
"SKAP2","ENSG00000005020","PAS21475_None_0.2",0.0023845736246615,0.960736634673566,0.809248592529002,1,0.368342497816023,0.540753714359196,0.353507807100726,0.315723786523352,-0.0377840205773738,"chr7",26668050,26668051,"-",0.334615796812039,0,"TUTR","proximal pA"
"SLC23A2","ENSG00000089057","PAS49489_APA_0.35",0.460522812918122,NA,0.967265458632028,1,0.325363113757547,0.49595293420721,0.115117870045982,0.178056788246955,0.0629389182009729,"chr20",4855101,4855102,"-",0.146587329146468,0,"TUTR","proximal pA"
"SLC25A11","ENSG00000108528","PAS43738_None_0.1",0.697276411266848,NA,0.298553692568021,1,0.584790549410673,0.728469797624081,0.140913221979103,0.123344420885899,-0.0175688010932035,"chr17",4937598,4937599,"-",0.132128821432501,0,"TUTR","proximal pA"
"SLC25A17","ENSG00000100372","PAS51571_AATAAA_0.3",0.746773816089968,NA,0.211393469458187,1,0.6456774025226,0.776256470715687,0.791150976548984,0.827418188501489,0.0362672119525048,"chr22",40770080,40770081,"-",0.809284582525237,0,"TUTR","proximal pA"
"SLC35C2","ENSG00000080189","PAS49864_AATAAA_0.05",0.71774015266634,NA,0.262880931414657,1,0.608147788931914,0.748281692262765,0.555190157629066,0.575914752743737,0.0207245951146708,"chr20",46349946,46349947,"-",0.565552455186401,0,"TUTR","proximal pA"
"SLC35E1","ENSG00000127526","PAS47874_AATAAA_0.45",0.924882491466276,NA,0.0414870195006642,1,0.838600738522795,0.909636229272668,0.480855836238477,0.469620896706272,-0.0112349395322054,"chr19",16550856,16550857,"-",0.475238366472375,0,"TUTR","proximal pA"
"SLC36A4","ENSG00000180773","PAS31702_ATTAAA_0.4",0.553479796285053,NA,0.119863689877093,1,0.729182375881144,0.836741396567788,0.398990124216828,0.422534725359579,0.0235446011427509,"chr11",93148276,93148277,"-",0.410762424788204,0,"TUTR","proximal pA"
"SLC38A1","ENSG00000111371","PAS34124_APA_0.35",0.963546139290336,NA,0.486779820341326,1,0.485367280049306,0.64809890851729,0.583240133181645,0.596137562697948,0.0128974295163029,"chr12",46187852,46187853,"-",0.589688847939797,0,"TUTR","proximal pA"
"SLC9A3","ENSG00000066230","PAS15963_APA_0.2",0.768256964137342,NA,0.178896707709555,1,0.672323111860621,0.795869362214961,0.283000033147353,0.33411900725251,0.0511189741051579,"chr5",470812,470813,"-",0.308559520199931,0,"TUTR","proximal pA"
"SLFN11","ENSG00000172716","PAS44124_AATAAA_0.2",0.974223329037584,NA,0.0032262665044982,1,0.954704328082339,0.975478916557505,0.627357454623448,0.624435663696731,-0.00292179092671718,"chr17",35350570,35350571,"-",0.62589655916009,0,"TUTR","proximal pA"
"SMARCC1","ENSG00000173473","PAS11158_ATTAAA_0.25",0.661861938367716,NA,0.375546625097741,1,0.539996296991197,0.693953368827419,0.0862426414718582,0.0970260894286446,0.0107834479567863,"chr3",47587589,47587590,"-",0.0916343654502514,0,"TUTR","proximal pA"
"SMIM12","ENSG00000163866","PAS3116_None_0.15",0.90730452195026,NA,0.0329235782992328,1,0.85601550954965,0.919086619287921,0.243263706755631,0.231844553422548,-0.011419153333083,"chr1",34855274,34855275,"-",0.237554130089089,0,"TUTR","proximal pA"
"SNIP1","ENSG00000163877","PAS3181_AATAAA_0.35",0.905356991661043,NA,0.0349392599571274,1,0.851722993823801,0.917050415243184,0.480300441560956,0.501763803759742,0.0214633621987863,"chr1",37536541,37536542,"-",0.491032122660349,0,"TUTR","proximal pA"
"SNU13","ENSG00000100138","PAS51612_APA_0.2",0.919693823384694,NA,0.23765803486458,1,0.625902745855686,0.761487699310026,0.806855310846524,0.815180478956758,0.00832516811023432,"chr22",41674815,41674816,"-",0.811017894901641,0,"TUTR","proximal pA"
"SNX3","ENSG00000112335","PAS19483_AATAAA_0.15",0.0590302956594613,NA,7.14014991847398,1,0.00753768572366652,0.0295277699393102,0.818453182848331,0.870965222958054,0.0525120401097228,"chr6",108211513,108211514,"-",0.844709202903193,0,"TUTR","proximal pA"
"SP3","ENSG00000172845","PAS8564_AATAAA_0.15",0.631080116637105,NA,0.446636873554439,1,0.503936391491313,0.663804460216262,0.727669309460364,0.681985243430165,-0.0456840660301995,"chr2",173908530,173908531,"-",0.704827276445264,0,"TUTR","proximal pA"
"SPARC","ENSG00000113140","PAS16983_AATAAA_0.2",0.0047337736655112,0.00177019777816249,11.546726155786,1,0.00067868659079321,0.00397289635897078,0.902300651957551,0.847114911941878,-0.0551857400156727,"chr5",151662442,151662443,"-",0.874707781949715,0,"TUTR","proximal pA"
"SPART","ENSG00000133104","PAS35966_ATTAAA_0.35",0.678324790702185,NA,0.337443155856818,1,0.561308811997407,0.7110895220524,0.900460181433764,0.88416256042994,-0.0162976210038239,"chr13",36303604,36303605,"-",0.892311370931852,0,"TUTR","proximal pA"
"SPOP","ENSG00000121067","PAS44522_APA_0.35",0.102114983850188,NA,5.70926830825374,1,0.0168755717847611,0.0556235601912605,0.856820277045763,0.899002112851455,0.0421818358056922,"chr17",49599941,49599942,"-",0.877911194948609,0,"TUTR","proximal pA"
"SPRYD3","ENSG00000167778","PAS34271_APA_0.25",0.769927368931307,NA,0.175679113003753,1,0.675113144661059,0.797716094749329,0.695132411178189,0.674115474539262,-0.0210169366389273,"chr12",53064604,53064605,"-",0.684623942858725,0,"TUTR","proximal pA"
"SPTLC2","ENSG00000100596","PAS37926_ATTAAA_0.35",0.366336259694399,NA,2.26980273721892,1,0.131916692224794,0.265302101062991,0.167910494047922,0.229557949643572,0.0616474555956495,"chr14",77512018,77512019,"-",0.198734221845747,0,"TUTR","proximal pA"
"SRP68","ENSG00000167881","PAS44907_None_0.2",0.968311670502337,NA,0.209219929178289,1,0.647379503651822,0.777608518768892,0.313779940201924,0.299166529961423,-0.0146134102405006,"chr17",76039567,76039568,"-",0.306473235081674,0,"TUTR","proximal pA"
"SRPK1","ENSG00000096063","PAS19012_None_0.05",0.136298485485731,NA,5.46223948072566,1,0.0194317266909624,0.0620527753201212,0.115664178137807,0.0507951559352352,-0.0648690222025715,"chr6",35834808,35834809,"-",0.0832296670365209,0,"TUTR","proximal pA"
"SSBP3","ENSG00000157216","PAS3432_AATAAA_0.2",0.62072541783006,NA,0.476633931502874,1,0.489950976443251,0.652783050727555,0.88134411187073,0.898178461106412,0.0168343492356814,"chr1",54226518,54226519,"-",0.889761286488571,0,"TUTR","proximal pA"
"ST13","ENSG00000100380","PAS51575_AATAAA_0.45",5.59916198247394e-07,0.0852950653709574,4.56132421352231,1,0.0327017793391363,0.0929550577850986,0.217407558120608,0.254420328988386,0.0370127708677781,"chr22",40826504,40826505,"-",0.235913943554497,0,"TUTR","proximal pA"
"STAG1","ENSG00000118007","PAS11877_AATAAA_0.4",0.650092734417964,NA,1.19707527182254,1,0.273907021765626,0.441241900747225,0.355040641832003,0.423301470083864,0.068260828251861,"chr3",136337401,136337402,"-",0.389171055957933,0,"TUTR","proximal pA"
"STING1","ENSG00000184584","PAS16850_APA_0.15",0.672262221748115,NA,0.35259806086674,1,0.55264610260937,0.704780844105815,0.3988354363037,0.362892165133347,-0.0359432711703533,"chr5",139475964,139475965,"-",0.380863800718523,0,"TUTR","proximal pA"
"STK24","ENSG00000102572","PAS36240_APA_0.2",0.392205327853247,NA,0.510411453216875,1,0.474960795369306,0.639357073563751,0.177910108370809,0.158564164588271,-0.0193459437825387,"chr13",98452624,98452625,"-",0.16823713647954,0,"TUTR","proximal pA"
"STMN1","ENSG00000117632","PAS2968_AATAAA_0.1",0.00410283126344319,0,10.8046721973296,1,0.00101244250827144,0.00554499762631999,0.888092668265055,0.823104439854859,-0.0649882284101957,"chr1",25900567,25900568,"-",0.855598554059957,0,"TUTR","proximal pA"
"STRBP","ENSG00000165209","PAS26491_APA_0.3",0.379300093659601,NA,0.215168135905969,1,0.642746479951116,0.774163267641973,0.373726895444845,0.350630505653346,-0.0230963897914991,"chr9",123125537,123125538,"-",0.362178700549095,0,"TUTR","proximal pA"
"STRN3","ENSG00000196792","PAS37403_None_0.2",0.493479472255944,NA,0.850066942503872,1,0.356533400749702,0.528664656212016,0.733276473731183,0.77088838023513,0.0376119065039467,"chr14",30894928,30894929,"-",0.752082426983157,0,"TUTR","proximal pA"
"STX6","ENSG00000135823","PAS4527_APA_0.25",0.613831727045072,NA,0.854072171263397,1,0.355402886979243,0.527650629579109,0.223530237209105,0.271186824848077,0.0476565876389723,"chr1",180975986,180975987,"-",0.247358531028591,0,"TUTR","proximal pA"
"SUCLA2","ENSG00000136143","PAS36050_APA_0.25",0.664344329725902,NA,0.368576510517642,1,0.543781216071014,0.696547392925692,0.161267460656534,0.199518406238242,0.0382509455817077,"chr13",47942874,47942875,"-",0.180392933447388,0,"TUTR","proximal pA"
"SULT1A1","ENSG00000196502","PAS41469_AATAAA_0.45",0.781164583329003,NA,0.160770487676672,1,0.688448136121201,0.807577822909853,0.772606406117989,0.7251350101749,-0.0474713959430894,"chr16",28605590,28605591,"-",0.748870708146444,0,"TUTR","proximal pA"
"SUPT4H1","ENSG00000213246","PAS44615_AATAAA_0.1",0.0234056776631913,0.0219710258019847,6.94112718189172,1,0.00842360146517477,0.0323733980703837,0.735438142061181,0.809673487248177,0.0742353451869955,"chr17",58345911,58345912,"-",0.772555814654679,0,"TUTR","proximal pA"
"SURF6","ENSG00000148296","PAS26665_AATAAA_0.3",0.475305794654994,NA,2.11438313168082,1,0.14592084059564,0.285542615076549,0.829276720383,0.780238899987588,-0.0490378203954114,"chr9",133331012,133331013,"-",0.804757810185294,0,"TUTR","proximal pA"
"SUSD1","ENSG00000106868","PAS26381_APA_0.3",0.651764756238767,NA,0.397625154002981,1,0.528318281757165,0.68414825360792,0.448910691349808,0.504823842090619,0.0559131507408102,"chr9",112041079,112041080,"-",0.476867266720214,0,"TUTR","proximal pA"
"TAB3","ENSG00000157625","PAS52612_AATAAA_0.2",0.66776339756413,NA,0.36146428048994,1,0.547694134172332,0.699974834805005,0.321370693589611,0.25893709385964,-0.0624335997299709,"chrX",30827931,30827932,"-",0.290153893724626,0,"TUTR","proximal pA"
"TAF1C","ENSG00000103168","PAS41978_APA_0.25",0.427068968450287,NA,1.00239194600499,1,0.316732418334709,0.486731100589226,0.526242462686255,0.459719256119009,-0.0665232065672466,"chr16",84178380,84178381,"-",0.492980859402632,0,"TUTR","proximal pA"
"TASOR","ENSG00000163946","PAS11366_AATAAA_0.3",0.58683827874006,NA,0.567618280347233,1,0.451206903511861,0.618709740295032,0.250925775832579,0.29420641674878,0.043280640916201,"chr3",56622859,56622860,"-",0.272566096290679,0,"TUTR","proximal pA"
"TBC1D5","ENSG00000131374","PAS10932_APA_0.25",0.907753712518793,NA,0.032543012979886,1,0.856841049963017,0.919366143071301,0.409006260413705,0.417941523249892,0.0089352628361874,"chr3",17160488,17160489,"-",0.413473891831799,0,"TUTR","proximal pA"
"TBCC","ENSG00000124659","PAS19089_ATTAAA_0.25",0.643851128980429,NA,0.417588043691012,1,0.518143023697642,0.67581388868171,0.085488636036652,0.0650210468190942,-0.0204675892175579,"chr6",42744855,42744856,"-",0.0752548414278731,0,"TUTR","proximal pA"
"TBL1XR1","ENSG00000177565","PAS12151_AATAAA_0.4",0.0236485663044954,1,0.0399087127298117,1,0.841659173249435,0.910311747415654,0.432835317735769,0.427320490367776,-0.00551482736799314,"chr3",177023319,177023320,"-",0.430077904051772,0,"TUTR","proximal pA"
"TBL2","ENSG00000106638","PAS21819_AATAAA_0.4",0.693719784027774,NA,0.306733512330823,1,0.579691584233472,0.724927250037761,0.840941250408456,0.798927180392683,-0.042014070015773,"chr7",73569668,73569669,"-",0.819934215400569,0,"TUTR","proximal pA"
"TCEA3","ENSG00000204219","PAS2910_AATAAA_0.35",0.706453252945531,NA,0.283889072874899,1,0.5941634367708,0.736717370433389,0.608990700029152,0.6358412365667,0.0268505365375475,"chr1",23381374,23381375,"-",0.622415968297926,0,"TUTR","proximal pA"
"TCTN3","ENSG00000119977","PAS28931_AATAAA_0.05",0.479693021846642,NA,0.897435253212734,1,0.34347034613515,0.515879223232392,0.556745750470335,0.504664248444629,-0.0520815020257059,"chr10",95663877,95663878,"-",0.530704999457482,0,"TUTR","proximal pA"
"TEX261","ENSG00000144043","PAS7870_AATAAA_0.2",0.289788236902961,NA,1.83960477600408,1,0.174997276978321,0.32379348291183,0.0999318608250601,0.157418676638054,0.0574868158129939,"chr2",70988120,70988121,"-",0.128675268731557,0,"TUTR","proximal pA"
"THAP1","ENSG00000131931","PAS23852_ATTAAA_0.2",0.956744812653871,NA,0.0721287951954537,1,0.788262104885697,0.875881678392614,0.31044847178743,0.288674375698654,-0.0217740960887765,"chr8",42837194,42837195,"-",0.299561423743042,0,"TUTR","proximal pA"
"THAP5","ENSG00000177683","PAS22153_AATAAA_0.4",0.603185936707185,NA,0.521544714206129,1,0.470183493724263,0.635230707438428,0.173072381427683,0.231265457022467,0.0581930755947841,"chr7",108562520,108562521,"-",0.202168919225075,0,"TUTR","proximal pA"
"TIMELESS","ENSG00000111602","PAS34385_APA_0.1",0.273015591918191,NA,3.60797643702404,1,0.0575030478171674,0.143432463340004,0.139711612611905,0.0722393330202898,-0.0674722795916153,"chr12",56417392,56417393,"-",0.105975472816097,0,"TUTR","proximal pA"
"TIMM13","ENSG00000099800","PAS47503_APA_0.15",0.76588547719,NA,0.823882223246983,1,0.364047534654284,0.53666991563826,0.204326019694922,0.181325899707776,-0.0230001199871461,"chr19",2426891,2426892,"-",0.192825959701349,0,"TUTR","proximal pA"
"TK2","ENSG00000166548","PAS41694_AATAAA_0.15",0.457806006448382,NA,0.267880135215819,1,0.604757353271604,0.745189370066666,0.404760944359026,0.371428562754411,-0.0333323816046156,"chr16",66510746,66510747,"-",0.388094753556719,0,"TUTR","proximal pA"
"TM2D2","ENSG00000169490","PAS23830_AATAAA_0.25",0.85289950915848,NA,0.0777919344786824,1,0.780312316889673,0.870559343251485,0.914473498932265,0.923812407631812,0.00933890869954723,"chr8",38990804,38990805,"-",0.919142953282038,0,"TUTR","proximal pA"
"TMCO1","ENSG00000143183","PAS4378_AATAAA_0.3",0.178527839309565,NA,1.15731445190613,1,0.282023196529562,0.450579233448643,0.741141099314409,0.689714545981373,-0.0514265533330356,"chr1",165727541,165727542,"-",0.715427822647891,0,"TUTR","proximal pA"
"TMEM101","ENSG00000091947","PAS44362_None_0.25",0.208331382920739,NA,2.49258790774638,1,0.114383503248994,0.239707959447048,0.247908585007315,0.193424302196754,-0.0544842828105616,"chr17",44011783,44011784,"-",0.220666443602035,0,"TUTR","proximal pA"
"TMEM123","ENSG00000152558","PAS31761_AATAAA_0.3",0.0792145500824205,NA,4.49417848819121,1,0.0340104513910138,0.0959206770592247,0.118716935721822,0.183337137916687,0.0646202021948655,"chr11",102398667,102398668,"-",0.151027036819254,0,"TUTR","proximal pA"
"TMEM186","ENSG00000184857","PAS41267_AATAAA_0.25",0.713580678914387,NA,0.270293524132285,1,0.603134941794138,0.744083712321494,0.112780964102501,0.143677526614539,0.0308965625120379,"chr16",8795796,8795797,"-",0.12822924535852,0,"TUTR","proximal pA"
"TMEM245","ENSG00000106771","PAS26337_None_0.25",0.673679576948102,NA,1.02615657558636,1,0.311063090131706,0.480230631377849,0.657147293997966,0.683582316730173,0.0264350227322062,"chr9",109016658,109016659,"-",0.67036480536407,0,"TUTR","proximal pA"
"TMEM267","ENSG00000151881","PAS16181_ATTAAA_0.25",0.767637388340747,NA,0.179779711524588,1,0.671562621339402,0.795253834879392,0.636063748076997,0.604931328356504,-0.031132419720493,"chr5",43445329,43445330,"-",0.620497538216751,0,"TUTR","proximal pA"
"TMEM40","ENSG00000088726","PAS10868_AATAAA_0.15",0.562951646728151,NA,0.0548359625324792,1,0.814852384781244,0.894673817343768,0.686970601527861,0.672405950561063,-0.0145646509667986,"chr3",12734636,12734637,"-",0.679688276044462,0,"TUTR","proximal pA"
"TMEM65","ENSG00000164983","PAS24515_ATTAAA_0.2",0.12722804536911,NA,0.47647017396821,1,0.490025548174171,0.652792895382639,0.305257885108618,0.337556958371367,0.0322990732627488,"chr8",124311997,124311998,"-",0.321407421739992,0,"TUTR","proximal pA"
"TMEM68","ENSG00000167904","PAS23905_AATAAA_0.35",0.53380065615456,NA,0.720244844663057,1,0.396063607413803,0.56824429143063,0.20421031110591,0.160673550911547,-0.0435367601943636,"chr8",55739547,55739548,"-",0.182441931008728,0,"TUTR","proximal pA"
"TMEM87A","ENSG00000103978","PAS39292_APA_0.3",0.0479969492758885,0,5.56991193623162,1,0.0182716796888528,0.0591466089033362,0.805813062121236,0.860306861867397,0.0544937997461609,"chr15",42211132,42211133,"-",0.833059961994317,0,"TUTR","proximal pA"
"TMEM9B","ENSG00000175348","PAS30902_AATAAA_0.3",0.832135226142099,NA,0.099185004220999,1,0.752809861447284,0.852700312848005,0.114798260532729,0.103422893300082,-0.0113753672326472,"chr11",8948057,8948058,"-",0.109110576916405,0,"TUTR","proximal pA"
"TMX3","ENSG00000166479","PAS45916_ATTAAA_0.2",0.722277910015588,NA,0.59254271338034,1,0.441437548236679,0.609947282953154,0.224856274411357,0.18013144006586,-0.0447248343454968,"chr18",68674732,68674733,"-",0.202493857238608,0,"TUTR","proximal pA"
"TNFSF18","ENSG00000120337","PAS4457_ATTAAA_0.05",0.507895500001907,NA,0.803455063705485,1,0.370062365771101,0.542299725876052,0.266164532109033,0.339532989380858,0.0733684572718254,"chr1",173039767,173039768,"-",0.302848760744945,0,"TUTR","proximal pA"
"TNPO3","ENSG00000064419","PAS22248_ATTAAA_0.35",0.777512634327677,NA,0.192521948010835,1,0.660825858827245,0.787123743791207,0.439210360782042,0.4198626800391,-0.0193476807429417,"chr7",128954895,128954896,"-",0.429536520410571,0,"TUTR","proximal pA"
"TOP2B","ENSG00000077097","PAS10967_None_0.2",0.426582420995983,NA,1.11976144871733,1,0.289969825996401,0.458183987811119,0.13724346359698,0.115263201639316,-0.0219802619576643,"chr3",25598277,25598278,"-",0.126253332618148,0,"TUTR","proximal pA"
"TOP3A","ENSG00000177302","PAS43921_AATAAA_0.15",0.453213482635271,NA,0.0713675044162301,1,0.789356003250794,0.876590687003122,0.255547045769385,0.240214429016129,-0.0153326167532565,"chr17",18273921,18273922,"-",0.247880737392757,0,"TUTR","proximal pA"
"TOPORS","ENSG00000197579","PAS25939_AATAAA_0.3",0.92207287585572,NA,0.0241560352330907,1,0.8764885472001,0.931537525703602,0.787493535621881,0.780214225284369,-0.00727931033751195,"chr9",32540772,32540773,"-",0.783853880453125,0,"TUTR","proximal pA"
"TP53RK","ENSG00000172315","PAS49875_APA_0.2",0.85459564646238,NA,0.0760270557324247,1,0.782755420028434,0.871939417978943,0.849054068804276,0.863034764486039,0.0139806956817634,"chr20",46686644,46686645,"-",0.856044416645158,0,"TUTR","proximal pA"
"TRAK2","ENSG00000115993","PAS8753_AATAAA_0.35",0.887675474929457,NA,0.0911989432889868,1,0.762658445190659,0.859420813877118,0.223619147232522,0.206940824564901,-0.0166783226676207,"chr2",201379850,201379851,"-",0.215279985898712,0,"TUTR","proximal pA"
"TRAPPC6B","ENSG00000182400","PAS37477_APA_0.35",0.813651329147277,NA,0.119419230640233,1,0.729665236225377,0.836870590428418,0.0963648013103022,0.0813693868409837,-0.0149954144693185,"chr14",39149816,39149817,"-",0.088867094075643,0,"TUTR","proximal pA"
"TRAPPC9","ENSG00000167632","PAS24603_AATAAA_0.05",0.712883658413045,NA,0.271838347114453,1,0.602101251051711,0.743624479916368,0.887966568530122,0.906159666585171,0.0181930980550493,"chr8",139730345,139730346,"-",0.897063117557646,0,"TUTR","proximal pA"
"TRIM25","ENSG00000121060","PAS44579_AATAAA_0.3",0.924673200026959,NA,0.486596728143923,1,0.485449366494381,0.64809890851729,0.656366834406934,0.672156496834049,0.0157896624271149,"chr17",56888488,56888489,"-",0.664261665620492,0,"TUTR","proximal pA"
"TRIM65","ENSG00000141569","PAS44895_APA_0.35",0.727116942424111,NA,0.243902869803151,1,0.621401358596492,0.757427667958517,0.0782988677340434,0.0910426158481982,0.0127437481141548,"chr17",75889227,75889228,"-",0.0846707417911208,0,"TUTR","proximal pA"
"TRMT1L","ENSG00000121486","PAS4560_AATAAA_0.35",0.690446821271658,NA,0.329936055345797,1,0.56569674342783,0.714908392951962,0.258998144215377,0.304097543312916,0.045099399097539,"chr1",185119891,185119892,"-",0.281547843764147,0,"TUTR","proximal pA"
"TRMT6","ENSG00000089195","PAS49506_ATTAAA_0.2",0.867148347408334,NA,0.0651858516403081,1,0.7984796605476,0.88336481794081,0.23839550968602,0.252589334347172,0.0141938246611524,"chr20",5938466,5938467,"-",0.245492422016596,0,"TUTR","proximal pA"
"TSPYL1","ENSG00000189241","PAS19541_APA_0.3",0.712659501479332,NA,0.272346996228407,1,0.601761715058059,0.743446805093565,0.125969469678716,0.14362406872962,0.0176545990509037,"chr6",116277026,116277027,"-",0.134796769204168,0,"TUTR","proximal pA"
"TSR1","ENSG00000167721","PAS43672_ATTAAA_0.35",0.544375503233586,NA,0.206853721290827,1,0.649244681533529,0.779105592105847,0.507418602400209,0.48880597014924,-0.0186126322509695,"chr17",2323980,2323981,"-",0.498112286274724,0,"TUTR","proximal pA"
"TTC28","ENSG00000100154","PAS51385_ATTAAA_0.35",0.329063764239814,NA,1.77143164720928,1,0.183205000627217,0.334134081732582,0.146908751397035,0.19882263755587,0.0519138861588351,"chr22",27981652,27981653,"-",0.172865694476452,0,"TUTR","proximal pA"
"TTI2","ENSG00000129696","PAS23784_AATAAA_0.4",0.890790935492258,NA,0.047212963786933,1,0.827985900823862,0.903729129211722,0.771790831426532,0.756965058466544,-0.0148257729599875,"chr8",33498954,33498955,"-",0.764377944946538,0,"TUTR","proximal pA"
"TUBB2B","ENSG00000137285","PAS18591_APA_0.1",0.678856211661062,NA,0.335468596438659,1,0.562456585881351,0.711781343195654,0.751325299820346,0.729520732198552,-0.0218045676217938,"chr6",3224497,3224498,"-",0.740423016009449,0,"TUTR","proximal pA"
"TXN2","ENSG00000100348","PAS51479_APA_0.35",0.924355210523428,NA,0.0228940775632509,1,0.879732845654768,0.933689219517617,0.570709969862427,0.574712632394141,0.00400266253171433,"chr22",36467354,36467355,"-",0.572711301128284,0,"TUTR","proximal pA"
"TXNIP","ENSG00000265972","PAS4012_None_0.25",0.396659465693249,NA,1.23634202644826,1,0.266177200904293,0.433241265211703,0.125946671151093,0.146403459850464,0.0204567886993702,"chr1",145993533,145993534,"-",0.136175065500779,0,"TUTR","proximal pA"
"UBA6","ENSG00000033178","PAS13871_AATAAA_0.15",0.300029996336558,NA,0.0119433248162295,1,0.912976031405923,0.954798448660715,0.323814981151107,0.32088452614017,-0.00293045501093742,"chr4",67617282,67617283,"-",0.322349753645639,0,"TUTR","proximal pA"
"UBAC1","ENSG00000130560","PAS26697_APA_0.2",0.660129603497454,NA,0.379020007166218,1,0.53812817907135,0.692373145566094,0.158063130259434,0.135000451002677,-0.0230626792567569,"chr9",135933226,135933227,"-",0.146531790631056,0,"TUTR","proximal pA"
"UBE2G2","ENSG00000184787","PAS50611_APA_0.35",0.280374918970395,NA,3.2104605492641,1,0.0731688853713629,0.172521599082722,0.0890363598218027,0.130821061527009,0.0417847017052061,"chr21",44769553,44769554,"-",0.109928710674406,0,"TUTR","proximal pA"
"UBE2J2","ENSG00000160087","PAS2557_APA_0.25",0.419330535957632,NA,1.13451799800532,1,0.286813689487917,0.455209962442526,0.848038534488313,0.817833999960012,-0.0302045345283005,"chr1",1254901,1254902,"-",0.832936267224162,0,"TUTR","proximal pA"
"UBE2W","ENSG00000104343","PAS24060_ATTAAA_0.3",0.49073247575042,NA,0.945335594306471,1,0.330909430342984,0.501668852760802,0.341185652812318,0.388091992745246,0.0469063399329281,"chr8",73792328,73792329,"-",0.364638822778782,0,"TUTR","proximal pA"
"UBE3A","ENSG00000114062","PAS39138_APA_0.35",0.0212151285152073,1,0.104148016471299,1,0.7469075176082,0.849272368305651,0.628750218885109,0.636174513393878,0.00742429450876958,"chr15",25339015,25339016,"-",0.632462366139493,0,"TUTR","proximal pA"
"UBTF","ENSG00000108312","PAS44375_None_0.05",0.750518965986745,NA,0.632958175847307,1,0.426272307337688,0.596099668633615,0.480738708203637,0.456518810970355,-0.0242198972332818,"chr17",44206593,44206594,"-",0.468628759586996,0,"TUTR","proximal pA"
"UBXN6","ENSG00000167671","PAS47559_AATAAA_0.05",0.733827814185241,NA,0.233663873184014,1,0.628820329719017,0.763823294187769,0.142664683643077,0.131540715050262,-0.0111239685928143,"chr19",4445476,4445477,"-",0.13710269934667,0,"TUTR","proximal pA"
"UBXN7","ENSG00000163960","PAS12365_ATTAAA_0.3",0.510539894234215,NA,1.94303173631215,1,0.16333973068612,0.309214418885434,0.220117363974319,0.178162304653257,-0.0419550593210626,"chr3",196355204,196355205,"-",0.199139834313788,0,"TUTR","proximal pA"
"UCK1","ENSG00000130717","PAS26629_APA_0.15",0.641573695360754,NA,0.423141900079941,1,0.515373446148157,0.673687057230132,0.102528977172076,0.135045197524149,0.032516220352073,"chr9",131524563,131524564,"-",0.118787087348113,0,"TUTR","proximal pA"
"UGDH","ENSG00000109814","PAS13740_AATAAA_0.4",0.347750889327894,NA,1.48227172226461,1,0.223419428270737,0.383910870208253,0.457530487132722,0.406026913842506,-0.0515035732902164,"chr4",39499321,39499322,"-",0.431778700487614,0,"TUTR","proximal pA"
"UQCC1","ENSG00000101019","PAS49697_ATTAAA_0.05",0.0678444410254163,NA,4.82330460654293,1,0.0280774657894088,0.0824395447467457,0.17591286658171,0.249212107200676,0.0732992406189663,"chr20",35303459,35303460,"-",0.212562486891193,0,"TUTR","proximal pA"
"UQCC6","ENSG00000204954","PAS34793_APA_0.25",0.629406616715175,NA,0.823784179054201,1,0.364076078940641,0.53666991563826,0.208836055338101,0.252252252278537,0.0434161969404353,"chr12",103951480,103951482,"-",0.230544153808319,0,"TUTR","proximal pA"
"USP36","ENSG00000055483","PAS44969_None_0.25",2.65035752390143e-05,1,0.0339085944287945,1,0.853901380638664,0.918256232232951,0.411162758210116,0.406977890585021,-0.00418486762509485,"chr17",78802406,78802407,"-",0.409070324397569,0,"TUTR","proximal pA"
"USP4","ENSG00000114316","PAS11223_APA_0.3",0.628331109105144,NA,0.453787884445774,1,0.500541615700548,0.661408209293502,0.801398928268625,0.818628759789009,0.0172298315203845,"chr3",49278122,49278123,"-",0.810013844028817,0,"TUTR","proximal pA"
"USP45","ENSG00000123552","PAS19438_AATAAA_0.35",0.5999290052307,NA,0.531081340852836,1,0.466152595845715,0.631616381688909,0.252768058833487,0.186046643069638,-0.0667214157638487,"chr6",99435201,99435202,"-",0.219407350951562,0,"TUTR","proximal pA"
"USP48","ENSG00000090686","PAS2879_AATAAA_0.3",0.954816861498464,NA,0.148542120654838,1,0.699932471111449,0.815475253656643,0.783371154758066,0.763146856413904,-0.0202242983441625,"chr1",21678902,21678903,"-",0.773259005585985,0,"TUTR","proximal pA"
"USP7","ENSG00000187555","PAS41276_APA_0.35",0.0105653417254828,1,1.21338188640402,1,0.270663380741735,0.437925150358989,0.32759692186625,0.36354039956356,0.0359434776973097,"chr16",8893795,8893796,"-",0.345568660714905,0,"TUTR","proximal pA"
"VAV2","ENSG00000160293","PAS26682_APA_0.1",0.909615210368695,NA,0.0308112270756737,1,0.860662201550355,0.921187467410328,0.371622751233651,0.360082914950421,-0.0115398362832294,"chr9",133762218,133762219,"-",0.365852833092036,0,"TUTR","proximal pA"
"VCP","ENSG00000165280","PAS25992_AATAAA_0.1",0.479693021846642,NA,0.897288395566648,1,0.343509833958038,0.515879223232392,0.835847604974787,0.809247426421105,-0.0266001785536814,"chr9",35056563,35056564,"-",0.822547515697946,0,"TUTR","proximal pA"
"VGLL4","ENSG00000144560","PAS10852_None_0.05",0.862321071785618,NA,0.0696753582915335,1,0.791810045473569,0.878341498742439,0.493846508712885,0.482996500754002,-0.010850007958883,"chr3",11558413,11558414,"-",0.488421504733444,0,"TUTR","proximal pA"
"VSIG10","ENSG00000176834","PAS35003_ATTAAA_0.45",0.246744980786242,NA,0.833306380007343,1,0.361318193919482,0.533571681510919,0.483360341425793,0.518501424593939,0.0351410831681463,"chr12",118064467,118064468,"-",0.500930883009866,0,"TUTR","proximal pA"
"WARS1","ENSG00000140105","PAS38084_APA_0.35",1,NA,0.000340174581651809,1,0.985284793225889,0.99199311522232,0.255490382123959,0.255087971226293,-0.000402410897665961,"chr14",100334478,100334479,"-",0.255289176675126,0,"TUTR","proximal pA"
"WASF2","ENSG00000158195","PAS2996_None_0.25",0.255357707125459,NA,2.0963251378198,1,0.147653642918775,0.288068494048278,0.747484292600782,0.779981799701475,0.0324975071006928,"chr1",27405599,27405600,"-",0.763733046151129,0,"TUTR","proximal pA"
"WDFY1","ENSG00000085449","PAS8919_ATTAAA_0.4",0.934682038927666,NA,0.0176452870100547,1,0.894323427734919,0.942639783339908,0.0932196421928052,0.0860688845368642,-0.00715075765594098,"chr2",223877072,223877073,"-",0.0896442633648347,0,"TUTR","proximal pA"
"WDR12","ENSG00000138442","PAS8774_ATTAAA_0.3",0.976881745274644,NA,0.00257568402594188,1,0.959523779647834,0.978893791573741,0.885518053258973,0.883502652753517,-0.00201540050545623,"chr2",202880606,202880607,"-",0.884510353006245,0,"TUTR","proximal pA"
"WDR26","ENSG00000162923","PAS4891_AATAAA_0.3",0.510657345492916,NA,0.542392712086439,1,0.461442797173377,0.627784121235458,0.372943112965857,0.348347287663161,-0.0245958253026962,"chr1",224389136,224389137,"-",0.360645200314509,0,"TUTR","proximal pA"
"WDR35","ENSG00000118965","PAS7361_AATAAA_0.4",0.960044377672441,NA,0.00702367377107294,1,0.933209595317809,0.964333873093834,0.413573739037203,0.406788817847849,-0.00678492118935387,"chr2",19913241,19913242,"-",0.410181278442526,0,"TUTR","proximal pA"
"WDR89","ENSG00000140006","PAS37714_AATAAA_0.35",0.833297340782998,NA,0.0977418823584344,1,0.754556478168334,0.853561802557715,0.224030516848739,0.199914030611549,-0.0241164862371903,"chr14",63597647,63597648,"-",0.211972273730144,0,"TUTR","proximal pA"
"XBP1","ENSG00000100219","PAS51391_APA_0.25",0.287322842789209,NA,1.85857575103637,1,0.172789269036564,0.321397394417093,0.0930802890648991,0.125029919355431,0.0319496302905322,"chr22",28795117,28795118,"-",0.109055104210165,0,"TUTR","proximal pA"
"YIPF2","ENSG00000130733","PAS47729_APA_0.25",0.940716619931311,NA,0.0150827944144112,1,0.902255948778508,0.948542305821193,0.349303178300649,0.355532063014193,0.0062288847135436,"chr19",10922769,10922770,"-",0.352417620657421,0,"TUTR","proximal pA"
"YTHDF1","ENSG00000149658","PAS50066_AATAAA_0.4",0.68832907747081,NA,0.318585560604333,1,0.572458913616212,0.719819097776381,0.109238677826472,0.130773909243791,0.0215352314173187,"chr20",63196481,63196482,"-",0.120006293535132,0,"TUTR","proximal pA"
"ZBTB2","ENSG00000181472","PAS19778_AATAAA_0.2",0.789714383621042,NA,0.150257527979193,1,0.698289376756278,0.814609126646337,0.117074155077308,0.135154340154391,0.0180801850770835,"chr6",151364819,151364820,"-",0.126114247615849,0,"TUTR","proximal pA"
"ZBTB20","ENSG00000181722","PAS11648_None_0.25",0.322431196118086,NA,0.536949146467123,1,0.463699856499494,0.629998562604711,0.325004240166189,0.297075345071401,-0.0279288950947882,"chr3",114338093,114338094,"-",0.311039792618795,0,"TUTR","proximal pA"
"ZBTB41","ENSG00000177888","PAS4604_AATAAA_0.05",0.209344906363734,NA,2.0966815081224,1,0.147619222679632,0.288068494048278,0.0832005153835721,0.148039928613319,0.0648394132297471,"chr1",197155121,197155122,"-",0.115620221998446,0,"TUTR","proximal pA"
"ZBTB7A","ENSG00000178951","PAS47551_AATAAA_0.45",0.125385614076728,NA,1.11212569795316,1,0.291620335374408,0.459648186074028,0.42051121923065,0.397356279450034,-0.0231549397806152,"chr19",4046607,4046608,"-",0.408933749340342,0,"TUTR","proximal pA"
"ZBTB8OS","ENSG00000176261","PAS3086_AATAAA_0.1",0.581127599207853,NA,0.583050725736939,1,0.445119012158674,0.613365548936396,0.866515854172488,0.833116262803562,-0.0333995913689258,"chr1",32621831,32621832,"-",0.849816058488025,0,"TUTR","proximal pA"
"ZCCHC8","ENSG00000033030","PAS35136_APA_0.35",0.221421522162856,NA,0.0251541871894005,1,0.873983464467249,0.93036049336049,0.468001492842337,0.473172252594923,0.00517075975258668,"chr12",122473113,122473114,"-",0.47058687271863,0,"TUTR","proximal pA"
"ZDHHC21","ENSG00000175893","PAS25852_APA_0.35",0.821079879107455,NA,0.0149924395288963,1,0.902547696393485,0.948772370398936,0.44304141278618,0.43242660295566,-0.0106148098305205,"chr9",14615792,14615793,"-",0.43773400787092,0,"TUTR","proximal pA"
"ZDHHC9","ENSG00000188706","PAS53062_AATAAA_0.2",0.835683730311702,NA,0.0958305597137041,1,0.75689168898903,0.855356626036843,0.287071426894102,0.268338030899772,-0.0187333959943302,"chrX",129805492,129805493,"-",0.277704728896937,0,"TUTR","proximal pA"
"ZFHX3","ENSG00000140836","PAS41843_APA_0.3",0.239071673388388,NA,0.185804276173258,1,0.666431868695359,0.79102834915245,0.502467374846146,0.518773567626321,0.0163061927801746,"chr16",72783155,72783156,"-",0.510620471236233,0,"TUTR","proximal pA"
"ZFP36L2","ENSG00000152518","PAS7616_APA_0.35",0.184735628464757,NA,2.73538203227235,1,0.0981480278889727,0.215561229859781,0.608828014536585,0.670596442701407,0.0617684281648225,"chr2",43223991,43223992,"-",0.639712228618996,0,"TUTR","proximal pA"
"ZFR","ENSG00000056097","PAS16066_ATTAAA_0.2",0.428092564867981,NA,1.0948623656368,1,0.295396371419124,0.463858209397498,0.353621037710397,0.39400402702639,0.0403829893159928,"chr5",32355424,32355425,"-",0.373812532368394,0,"TUTR","proximal pA"
"ZFTRAF1","ENSG00000187954","PAS24724_ATTAAA_0.1",0.106837222661923,NA,3.86601140324774,1,0.0492734875480299,0.127499680545478,0.824740810334005,0.752961847364523,-0.0717789629694818,"chr8",144449931,144449932,"-",0.788851328849264,0,"TUTR","proximal pA"
"ZHX1","ENSG00000165156","PAS24493_None_0.25",0.000932513215230465,1,0.757450839999365,1,0.384127454934628,0.557208501068098,0.70973182276079,0.733324865845735,0.0235930430849445,"chr8",123249837,123249838,"-",0.721528344303263,0,"TUTR","proximal pA"
"ZNF148","ENSG00000163848","PAS11744_ATTAAA_0.3",0.432251263995527,NA,0.723624633998952,1,0.394957531124909,0.567157620009759,0.288308152431263,0.249686539090714,-0.038621613340549,"chr3",125227451,125227452,"-",0.268997345760989,0,"TUTR","proximal pA"
"ZNF202","ENSG00000166261","PAS31949_ATTAAA_0.25",0.559320047350904,NA,0.643771227350271,1,0.422348471299598,0.591924680346976,0.303826712227412,0.229208732971425,-0.0746179792559871,"chr11",123725228,123725229,"-",0.266517722599419,0,"TUTR","proximal pA"
"ZNF260","ENSG00000254004","PAS48091_AATAAA_0.25",0.739564147741986,NA,0.223332118538309,1,0.636512656150069,0.769146549770717,0.236285377228337,0.185154635401016,-0.0511307418273211,"chr19",36511029,36511030,"-",0.210720006314677,0,"TUTR","proximal pA"
"ZNF561","ENSG00000171469","PAS47684_ATTAAA_0.25",0.727921156592346,NA,0.242519449698534,1,0.622392328091786,0.758067331098691,0.468229434474556,0.418287820911551,-0.049941613563005,"chr19",9610052,9610053,"-",0.443258627693054,0,"TUTR","proximal pA"
"ZNF562","ENSG00000171466","PAS47688_AATAAA_0.3",0.896143033416754,NA,0.0414063975530325,1,0.838755484134538,0.909636229272668,0.383524163127911,0.359748418176664,-0.0237757449512463,"chr19",9648788,9648789,"-",0.371636290652288,0,"TUTR","proximal pA"
"ZNF641","ENSG00000167528","PAS34163_AATAAA_0.35",0.371717217980194,NA,1.35058892621123,1,0.245175186327362,0.409033935856149,0.761548497442668,0.834574846707766,0.0730263492650978,"chr12",48340127,48340128,"-",0.798061672075217,0,"TUTR","proximal pA"
"ZNF770","ENSG00000198146","PAS39210_AATAAA_0.35",0.591692734056566,NA,0.553746903301317,1,0.45679074024684,0.623737450454578,0.343462244990059,0.309091899620692,-0.0343703453693669,"chr15",34978564,34978565,"-",0.326277072305375,0,"TUTR","proximal pA"
"ZNF785","ENSG00000197162","PAS41521_ATTAAA_0.2",0.986806178004634,NA,0.000944332411904725,1,0.975484872248733,0.986706929077525,0.795731091040034,0.798302446408145,0.0025713553681106,"chr16",30578831,30578832,"-",0.79701676872409,0,"TUTR","proximal pA"
"ZNHIT6","ENSG00000117174","PAS3642_APA_0.35",0.291115145957543,NA,1.82867295571168,1,0.176284369777795,0.325203927405506,0.0598370944693989,0.105454995483952,0.0456179010145535,"chr1",85653893,85653894,"-",0.0826460449766757,0,"TUTR","proximal pA"
"ZPR1","ENSG00000109917","PAS31869_AATAAA_0.1",0.707729440994723,NA,0.281109522013594,1,0.595974917249981,0.738131533901582,0.867077252739431,0.841437593706781,-0.0256396590326493,"chr11",116778560,116778561,"-",0.854257423223106,0,"TUTR","proximal pA"
